73.63566100313619 329.4547911224882 -22.240708986646496 320.1518295356011 8.81843480601674 0.09353753381605173 104.69115968298865 9.396323543832075 Stones 0
51.03300300674164 539.2627781200177 -58.74453980366525 491.3674582852312 66.09534152223205 205.27802624964366 175.8650966699497 253.17142906692484 Stones 0
185.3279833218403 557.114105369281 45.39478332881117 474.200052349355 227.36394498526352 167.1364331228097 367.2878691548249 250.047063572824 Stones 0
115.47957002010662 244.11990996289094 62.26340519198857 68.92131316730124 235.9434836362925 16.167473759244814 289.1605017612892 191.36424169464675 Stones 0
423.7498762673931 -0.00039113351761207196 423.75040638798964 155.03917911576966 151.24941866015433 155.03852077855822 151.25003993343853 0.0000820419136944942 Stones 0
402.73676809476456 2.3415162582599396 510.9302564677637 -44.67520608972559 610.8230848175299 185.1942617765104 502.6298491311172 232.21051719807514 Stones 0
389.3178538880602 275.179618521522 299.91253871710796 255.7538478322462 333.9391472198622 99.1589592290405 423.3424678089068 118.58450120858072 Stones 0
395.3338671778329 97.5004629490007 545.1372248672851 164.33837591821077 462.415761688535 349.73427273383993 312.61295249147224 282.89745627341784 Stones 0
500.83042946724163 227.4162412272926 688.0938165915722 291.45007632057053 579.8442796964082 607.9806274364064 392.58253105770564 543.9501195120658 Stones 0
410.0698821156402 498.91491831782986 276.6433148014039 456.75059275283814 336.52621954272036 267.29172643370913 469.9456177774846 309.45481486020475 Stones 0
86.33807764163066 639.5826426466746 41.97888042370323 509.98316029715846 294.2837389100896 423.6397177733969 338.64643899527437 553.2324259158743 Stones 0
287.4994508360396 556.8743509020264 287.500948998495 639.1414763991389 102.49990432763298 639.1406006322857 102.50179784627107 556.8769871301514 Stones 0
516.2506096864672 639.1406250000001 317.4996962699515 639.1406249999999 317.5036109377106 547.3828119999998 516.2464495468157 547.382812 Stones 0
388.1797405641555 561.1762582325024 338.90352735936176 544.6618113820751 368.91300522540405 455.13952365075227 418.18759965739446 471.65367572850016 Stones 0