103.40283833014837 147.8594204759259 256.6875726941362 173.8112755251713 231.09439536645368 324.97156072949826 77.80976144022134 299.0200630267266 Stones 0
222.48053107599844 547.0891725843495 113.8655038322031 542.3221398225882 123.07544335417333 332.5904144807639 231.68330048763892 337.35729373350273 Stones 0
338.9182904113841 352.7974573763427 250.63448445558606 407.8629595874553 175.98249667142227 288.1842852453699 264.26386690065556 233.119796136227 Stones 0
329.9660792870418 563.0418728807025 206.1401629318425 518.7449386800936 268.54442368945456 344.3411922741473 392.3630484507885 388.6366743644488 Stones 0
147.5 0 266.25 0 266.25 162.94921899999997 147.5 162.94921899999997 Stones 0
241.87900367964176 0.7188053966646084 345.4580901596637 -19.15660620826431 371.25291515680146 115.2708225539113 267.6738346678758 135.14617083986735 Stones 0
399.99999962892616 -0.000009947776766895703 400.0000114669092 47.46093991556637 342.49998879437044 47.46092795739319 342.500000546861 6.330189839132786e-7 Stones 0
359.0072184645396 154.079538547931 408.03479031928873 -13.778521080615658 570.6866417563288 33.728536170292536 521.6603093773301 201.58547355562914 Stones 0
557.6906134968158 0.7948250902679533 556.4591999263212 62.092656419085586 511.5090919993236 61.189626350750565 512.7405387636827 -0.10816616618331214 Stones 0
337.6091632604948 105.06676835667639 433.8056677161512 181.07229365007495 330.44610888609895 311.88458178303455 234.25046044045303 235.88000973579508 Stones 0
488.26541269023437 337.1483691418392 375.9048182248807 425.9206382453217 292.5286818268796 320.3965381376879 404.88684761570767 231.62575198992428 Stones 0
421.51506433961913 203.59740630108885 542.969526176239 171.97555215832782 599.6719772110373 389.7489968088387 478.217824549356 421.3700499733861 Stones 0
550.1746227520925 395.22830657308526 609.5276565667155 455.9075357086333 507.07167022854264 556.1056152080382 447.7201769701787 495.4279227372323 Stones 0
422.61697134126734 608.6900846752461 319.42434159020195 571.3267758076041 392.52254297505715 369.4910752071266 495.70790082623716 406.8529354494893 Stones 0
313.01883805972466 507.10751853192914 341.9761831781216 552.8561766592835 226.26035550420056 626.0811526035584 197.30451748480846 580.3338140821095 Stones 0