264.1588288420462 174.1705337274413 144.75993137406476 293.8200308084429 10.969551527014119 160.31111430555717 130.36706002625579 40.66299536241496 Stones 0
238.2011847411195 177.14094722082194 276.7362400222919 243.1054212516224 42.83308702149952 379.73558253473334 4.300165470049251 313.7729640814267 Stones 0
86.27808089397149 400.0172398364554 104.10577115449996 213.45333618675 407.5396814144915 242.44520349215603 389.71944604629243 429.0021439316979 Stones 0
2.5 370.19531200000006 103.75 370.19531200000006 103.75 637.558594 2.5 637.558594 Stones 0
102.40543385370984 389.1954042522593 346.6702134419029 387.24628054299785 348.36516547315114 599.6239809086055 104.10039132722886 601.5730280041022 Stones 0
379.997060930109 518.9056227947707 380.0001062208321 639.1426035705921 172.4998514696199 639.1405901489788 172.50218728542677 518.9089993892047 Stones 0
167.50025282803108 639.1406249999999 59.999902475537965 639.1406249999999 60.000955730865826 596.4257810000001 167.4992026270047 596.4257810000001 Stones 0
354.31341540919675 636.8050591133608 357.76795092962857 413.7667660309608 612.2874478414451 417.7057842354548 608.8440386820002 640.7335292619963 Stones 0
639.0777047372103 432.7498655028069 447.93929183848377 430.5613595661236 449.2820095463685 313.54933772602413 640.4141991252982 315.7378079715286 Stones 0
442.13064443356416 434.1087890852949 327.1003735465638 312.257157277382 495.372397596002 153.41905014393535 610.3999183433189 275.26745660831034 Stones 0
201.88082860018767 84.88317487857394 364.5244202177855 -12.151948442655925 490.91052888004924 199.68687120037595 328.2680767336569 296.7206551597422 Stones 0
361.4096865423926 52.35462443214118 450.86926281263004 -43.571928298799214 637.7771632831718 130.7349987406407 548.3184729672939 226.66064841804126 Stones 0
581.25 183.515625 640 183.515625 640 300.585938 581.25 300.585938 Stones 0