0 1.5820309999999997 258.75 1.5820309999999997 258.75 416.0742190000001 0 416.0742190000001 Stones 0
167.64328492587083 6.369755433009922 344.4308430967794 -45.448239377286306 387.61879826823133 101.89625432260604 210.8312710206519 153.7140780355399 Stones 0
252.07077356535592 240.22104225457642 215.1311759739474 211.03508006762917 295.8072666628141 108.92921112117753 332.7464514735766 138.1149208860597 Stones 0
436.0280254785175 157.61109748349315 353.88123191434715 449.6856373961299 227.97045046921994 414.2727374212383 310.1197083531588 122.2022978858341 Stones 0
206.6537318353221 369.5916210674254 262.2662582403427 532.4975163002639 62.572533691927674 600.6487171768537 6.967321781849023 437.7490388947911 Stones 0
282.49824350066774 528.3971026008977 282.5000687566353 639.141871719576 143.7498035660974 639.1406188313919 143.7513263807341 528.3992282511836 Stones 0
253.15746164385928 395.58387105801245 398.0967506597517 402.18958577928663 387.14695370545087 642.400135307057 242.20768462109845 635.7947313252082 Stones 0
586.2544637134852 639.1406249999999 386.2469123667688 639.1406249999999 386.2559152670292 392.34375 586.2447249555407 392.34375 Stones 0
456.73187932683504 82.43630110336424 651.3986989054683 135.72143969446307 558.3544026866002 475.6231388674914 363.68833176631597 422.33989996740786 Stones 0
404.68265979165153 183.86926440690135 336.83097737935896 113.7623918341526 448.752783473974 5.4416360807928 516.6042445492349 75.5482473578165 Stones 0
665.7584632892394 179.27369470066395 540.6832224877144 212.21504549734584 489.0465476259851 16.154102783160997 614.1201859277498 -16.787039878610763 Stones 0