0 0 101.25 0 101.25 278.4375 0 278.4375 Stones 0
196.44916546501918 362.5734989045477 75.34715360547125 314.73299697252406 192.6458391565393 17.825751321833067 313.74290131847374 65.66514634539877 Stones 0
16.16354795958614 537.1316241066792 -91.78879379032878 471.6450459588633 40.93930512528459 252.88451144765395 148.88540475840273 318.3685960501412 Stones 0
144.8766375483683 7.431296149981327 197.8577320891054 28.362023192036855 136.16698777907004 184.51625963204043 83.18596421129769 163.58565827529048 Stones 0
77.5 0 185 0 185 41.132812 77.5 41.132812 Stones 0
265.4837427498569 -10.360673924169424 485.98765087415813 10.270684786772481 453.21212658083823 360.56266092612526 232.70827528307564 339.9317865909492 Stones 0
298.3135016976303 412.59223822765074 110.71250759872783 486.6978010237117 59.22809089795919 356.36919808066983 246.8223048496293 282.26514427634686 Stones 0
265.17450090526836 384.81511978631664 367.3042038595304 393.7796258532703 345.29422663916193 644.4875944690432 243.16457372013247 635.523518526595 Stones 0
267.85309188097017 638.3339124837709 81.3236107906414 652.0407778994639 65.95767023398366 442.8726507175571 252.47147491347278 429.1663637688703 Stones 0
511.9953870875179 133.58232669888253 713.1378126605705 253.78721375991407 506.4571369305486 599.5950821323867 305.3189844879671 479.39647311610804 Stones 0
405 0 525 0 525 151.875 405 151.875 Stones 0
627.5001010709093 140.80078100000003 521.2499757855403 140.80078100000003 521.2504546915443 -4.770832022195275e-14 627.4997339165566 -4.770832022195275e-14 Stones 0
601.25 112.324219 640 112.324219 640 204.08203100000003 601.25 204.08203100000003 Stones 0