0 0 131.25 0 131.25 308.496094 0 308.496094 Stones 0
156.32400030961435 22.64659741750973 197.91519137426803 33.16243568631051 156.48679721191002 197.0146484789375 114.8956306061882 186.49888003734912 Stones 0
217.19810046517523 346.5672863440819 97.2049228024116 305.93636209215686 196.98764576511167 11.271661544114632 316.9761134581495 51.90170391232897 Stones 0
0 311.660156 153.75 311.660156 153.75 637.558594 0 637.558594 Stones 0
169.9844858069264 520.4574862978151 69.53301799869223 435.8060883831921 211.63166770536918 267.2084435596953 312.07937333638256 351.85723357331284 Stones 0
437.50201582806767 639.1406250000001 122.49884435434069 639.1406249999999 122.51755382378178 370.19531199999994 437.4885776015435 370.19531199999994 Stones 0
587.5946307740378 646.7790093092615 415.55165863414004 617.6560881128544 452.50973925256403 399.43480752516024 624.5374265369173 428.55636057582467 Stones 0
644.526813496268 414.99708243577186 447.7292683086853 495.24580689340246 342.79790072083415 237.92581189410078 539.5825884654187 157.68016338653825 Stones 0
310.4049038259109 0.4521467155815829 504.6379432131653 49.18729769560382 420.50367817988445 384.4947337380208 226.2710124176374 335.76075925654663 Stones 0
524.999956322863 -0.0006360937842133199 525.0001399579196 166.11334414046934 386.2494308446185 166.11292166077433 386.2500076275319 0.000003953764763133671 Stones 0
617.5001834708382 172.44140599999997 527.4996660815668 172.44140600000006 527.5002392630995 -4.770832022195275e-14 617.4997129238182 1.5902773407317584e-14 Stones 0
237.5 0 355 0 355 60.117188 237.5 60.117188 Stones 0