0 7.910155999999999 133.75 7.910155999999999 133.75 251.54296899999997 0 251.54296899999997 Stones 0
0 240.46875 128.75 240.46875 128.75 637.558594 0 637.558594 Stones 0
258.750697041105 493.59375 122.49902949180978 493.5937499999999 122.50262507259322 314.824219 258.7466578717431 314.824219 Stones 0
381.804668940531 181.82807261092563 272.66263587131107 393.1050242832415 65.46079827858193 286.0692295866159 174.6031075243809 74.79697147030224 Stones 0
225.24586466839537 368.79502437943506 369.22727160424984 317.3767265590482 447.3159354836389 536.01315402869 303.33559058351966 587.4294383269335 Stones 0
194.37020161807595 492.7172938318689 286.5766739492392 487.5146012452893 294.41896314849146 626.472175967916 202.21250404938473 631.6747185785784 Stones 0
212.5001884662197 639.1406249999999 79.99984050627972 639.1406249999998 80.00398721509555 495.17578100000003 212.4963773777563 495.17578100000003 Stones 0
438.75087030930445 639.1406250000001 273.74964688919135 639.1406250000001 273.7535631308856 542.636719 438.74783670667966 542.6367189999999 Stones 0
547.6613092948537 615.0223806262226 425.8330245349498 627.9506988897051 395.1878648417187 339.17104017507745 517.0040335181693 326.24335878743364 Stones 0
500 181.93359399999997 640 181.93359399999997 640 458.78906200000006 500 458.78906200000006 Stones 0
347.03912123368355 223.5661727004916 451.86552944644063 258.80892682844916 405.50221822551975 396.7027996234256 300.676076384043 361.4606325527399 Stones 0
551.4642912545969 228.8727568914085 446.80175903093186 311.56729867806246 307.60990727074386 135.40152508966258 412.2703809810628 52.70822795387609 Stones 0
398.75 0 567.5 0 567.5 112.324219 398.75 112.324219 Stones 0
397.4999975364335 -0.000013308569029381203 397.500009619107 42.71484459438647 328.749988198324 42.71483310932848 328.7500000799628 2.452334006943093e-7 Stones 0
210 0 332.5 0 332.5 107.578125 210 107.578125 Stones 0
114.03914487680595 0.8349104491224413 200.74209351223544 -16.88211641031692 222.0149945157027 87.22239667760128 135.3120597612724 104.93938993579314 Stones 0