-38.94372354334337 70.5767775678977 99.60465009702602 -30.062983493558292 220.43079845272587 136.27515128768425 81.88300212044851 236.91416230115493 Stones 0
0 128.144531 93.75 128.144531 93.75 292.675781 0 292.675781 Stones 0
0 284.765625 95 284.765625 95 637.558594 0 637.558594 Stones 0
101.25879962361068 491.09284679188994 105.79364507852006 358.61252707107957 230.47823060762312 362.88010604215566 225.94610406973516 495.3577847245677 Stones 0
183.7502252793638 639.1406249999999 33.749856535650906 639.1406249999999 33.75239785120357 541.054688 183.74623469957442 541.054688 Stones 0
183.7476275681547 512.5774798132298 183.7500484068005 639.1423869924837 33.7499224307976 639.1406004654594 33.75156543595949 512.5797224704341 Stones 0
157.3303768788901 503.4179393032213 248.93374468068941 495.80099581665115 259.3961887716432 621.5975954005373 167.79284785545315 629.2143388028467 Stones 0
326.2501119656372 639.1406249999999 206.2499356520857 639.1406249999999 206.25109390319267 596.4257810000001 326.248902747393 596.4257810000001 Stones 0
204.9541906727245 384.1347716806786 331.97886276866484 347.0494992258115 399.49384070234373 578.2689700852026 272.469887982661 615.3526508004225 Stones 0
286.95218208566075 330.3721260367296 224.56594132454484 409.6243848674809 61.98039624505327 281.6471504330666 124.36559579386085 202.39692278585744 Stones 0
294.4452983373776 298.74055422700184 171.40601822487952 324.663721961422 126.94018249538203 113.61449814678066 249.97545868493035 87.69177105829478 Stones 0
191.24999982130248 -0.00001556154939930586 191.25001118947694 52.20703704608137 129.99998194958607 52.20701838815823 130.00000077328878 2.7417394758450895e-7 Stones 0
357.49996875121724 -0.00025315748169196534 357.50017977523385 113.90629900211852 166.24982407214702 113.90604953935453 166.25010786156054 0.00013506070878287028 Stones 0
316.34974452543247 109.37232453217335 330.27399069353123 192.9830973658358 264.45858743187273 203.94319484137898 250.53469466991373 120.33271675715653 Stones 0
339.61167557783483 399.66014475440426 229.7542113288364 359.93980256935333 318.9394638280646 113.29776462844008 428.7916528589267 153.017026214754 Stones 0
525.4152025790972 211.17374036957145 375.18252437890624 224.36272394140158 357.15830602901406 19.0419212051946 507.38837994256755 5.8530518390470885 Stones 0
342.4433466640039 346.87486630354323 409.12107677097083 169.4483050326121 689.7749926349934 274.9134508248933 623.1047010562179 452.3336177125059 Stones 0
303.46576581119734 534.7954461750304 405.6464368476736 337.71299916009497 627.4612346121285 452.70058651664704 525.2911827920616 649.7739633243167 Stones 0
466.146548536708 603.4155165025192 442.9587082286889 671.4536205782335 315.6800181131257 628.0853998318399 338.8688949284551 560.0493521106781 Stones 0