0 204.08203100000003 106.25 204.08203100000003 106.25 602.753906 0 602.753906 Stones 0
0 3.1640619999999995 160 3.1640619999999995 160 213.57421899999997 0 213.57421899999997 Stones 0
130 0 227.5 0 227.5 90.175781 130 90.175781 Stones 0
327.5022651074687 387.5976559999999 114.99762704588647 387.5976559999999 115.00321037841786 102.83203100000006 327.49732312768174 102.83203100000009 Stones 0
248.75059651043557 479.3554690000001 89.99863607117732 479.3554690000001 90.00203596689971 343.30078100000003 248.7472868986515 343.30078100000003 Stones 0
186.24740379811556 507.83133789051726 186.25008623574104 639.1422165170972 32.499882271149545 639.1406032805564 32.501524716135464 507.83403925010623 Stones 0
163.4060888159729 474.76403171186945 256.1488195480342 470.1851536176542 262.78118925198214 604.4930299667769 170.03846529383736 609.0717846037996 Stones 0
406.43016335765424 366.08736156977363 551.7199771889864 447.7551623360745 420.09793032179005 681.8658915825698 274.81112696965283 600.2023423404572 Stones 0
311.249081484566 572.6949595883551 311.25001145890565 639.1413766589479 194.9999299744377 639.1406206449587 195.00074131057772 572.6959454633258 Stones 0
302.0985255514097 578.9557050459986 188.69940646589384 533.4941062137774 313.12233777855 223.19298071862463 426.5121804744558 268.6525587144257 Stones 0
380.98467611278465 252.53713271919156 506.5761598984682 183.38145672889016 622.7886846411275 394.41893293374795 497.1986860559264 463.57257068021653 Stones 0
466.6734139566688 201.77538705669886 379.9208691437525 276.03210084048226 221.70784095949784 91.19726011622488 308.45896448692656 16.94156467861235 Stones 0
506.2502178210707 167.695312 357.4994012681418 167.69531199999992 357.50030148774385 -3.180554681463517e-14 506.2494848388451 -1.1131941385122308e-13 Stones 0
232.5 0 356.25 0 356.25 63.28125 232.5 63.28125 Stones 0