246.98425598784524 287.3325954145374 172.25625499755552 273.7075353918758 191.48958803256392 168.2286235656514 266.2162760592764 181.8535615291862 Stones 0
244.933914400317 288.7241332210758 166.87756251471 270.8715466287682 208.60108465116355 88.45515087248367 286.65549538083724 106.3075092034216 Stones 0
463.74947875876387 137.63596724243746 463.7511118616385 317.98864987049177 272.4990307580447 317.98731080921743 272.5002605160262 137.63739604435273 Stones 0
483.74984421352565 -0.00023693092783397756 483.75041535909986 147.12887473200186 114.99926841759589 147.1278791555034 115.00010664094589 0.0004973540866342663 Stones 0
181.39701988860907 429.32154586573586 73.3038507540914 398.82157229460347 123.9855135565449 219.227155066034 232.07423620842746 249.72647607491706 Stones 0
131.25 101.25 193.75 101.25 193.75 230.976562 131.25 230.976562 Stones 0
603.1582333180268 272.2229017230343 541.9767636033794 329.09256035117573 409.2121736057743 186.26649788618496 470.3924049780471 129.39786666315035 Stones 0
411.8214098410681 242.59413069307897 585.3206338464952 282.9093583992853 531.2194974077283 515.7132600653339 357.72066744793847 475.39940678405924 Stones 0
249.61620459165715 232.3571767340472 426.29629075861885 305.95639003933803 341.8459193028684 508.66403914500177 165.16693739227776 435.0670328721446 Stones 0
78.40883731601934 439.3738151368212 165.587261026958 392.642521922092 256.83627859747503 562.8422559199415 169.65904401688022 609.5718709802416 Stones 0
480.0038725658669 639.1406249999999 233.74925839270873 639.1406249999999 233.75911705174076 460.3710939999999 479.99553748792096 460.37109399999997 Stones 0
639.9999860967364 468.281221700094 640.0033283371886 639.1434869875429 473.74978473439114 639.1405396327933 473.7522793325479 468.28400852681114 Stones 0
527.8695012207027 324.8246281054029 626.6024775367987 299.5890803727139 672.7620282924909 480.168121874412 574.0293381382071 505.4029740476809 Stones 0