170.37320776631532 284.71671383495783 54.859040027076844 290.80121948100754 41.058873841830064 28.781111149567224 156.56944942507835 22.696701514985207 Stones 0
87.5691626938351 494.17871735370466 -10.132222474712762 461.8999707682907 57.68117565079592 256.67565018953246 155.37715688507888 288.953432385994 Stones 0
202.25837428704835 581.8733834820056 144.94227569586656 680.6654833685707 -20.241590380101115 584.8511384399767 37.07443034676544 486.0631791696586 Stones 0
188.2226380796783 382.38599380064903 264.74489031141275 528.7398798827516 134.4253270903573 596.8619126156865 57.90761692500382 450.51191405719516 Stones 0
267.47999251478177 677.7595676978654 167.15800566991675 631.8306271466953 253.8006864428462 442.63394788422823 354.11544383365253 488.5609884662983 Stones 0
450.00035480952647 639.1406249999999 293.7496923333674 639.1406249999999 293.75556576647796 473.0273440000001 449.99538764343015 473.0273440000001 Stones 0
265.0587879142404 526.7875781891829 191.22752953895542 380.9624880653323 365.94671709463 292.513694954908 439.77872974464844 438.33443748267194 Stones 0
169.64946355117718 140.08660940955923 325.40975577008794 158.7324813014946 295.0229717117327 412.559156221212 139.262739029582 393.91377974496413 Stones 0
93.72168405934644 148.65702989820332 80.55960098266951 3.0569388823333594 268.8718386122491 -13.966334107838748 282.0345735239971 131.6330175901882 Stones 0
499.99966998839227 -0.0011573218442796104 500.00062356630224 226.2306924670732 269.9987388536101 226.22950558512488 270.0000516808359 0.0003129356031348012 Stones 0
334.96668115534703 196.9987706083614 510.1274737937638 233.7146782243842 475.24377666733926 400.12414743512755 300.0832550130872 363.40893770536525 Stones 0
509.0266806537693 46.947418445329205 640.8398229519662 56.866186874583846 624.3770715796563 275.64068323152406 492.5639297672751 265.72204683208656 Stones 0
496.9283372598875 342.75430032155305 519.065584115524 243.65533552049544 638.7971484192531 270.39990169080704 616.6615160850779 369.4974476125188 Stones 0
640.0073994076229 637.5585940000001 429.9962198358844 637.5585940000001 430.00823568727355 257.8710939999999 639.9931359225593 257.87109399999997 Stones 0