85.81449125806103 465.7850189906653 -15.395578296374879 451.24662973571947 18.6762363568414 214.09941524310426 119.88051681262732 228.637393414712 Stones 0
0 34.804688 163.75 34.804688 163.75 224.648438 0 224.648438 Stones 0
225.23113682334952 128.05808662541736 376.974145227432 269.26059772539423 214.65123861846223 443.6861854410621 62.91166452501784 302.48728211692844 Stones 0
130.06206996076799 175.66851689911059 104.17467095627217 13.392424716862937 293.36218878030195 -16.78806736168551 319.25032819242915 145.48711115613867 Stones 0
333.8928879780724 4.116802190140593 569.4860290590441 81.50278159185937 475.94605283004057 366.26670780759434 240.3540644612076 288.8825297618387 Stones 0
363.75 0 535 0 535 91.757812 363.75 91.757812 Stones 0
498.38283078082895 99.01974993057405 629.3325686570461 83.10219532725446 655.790788412778 300.7628677494191 524.8411158058298 316.68016959664305 Stones 0
595.779618528104 388.28024516122116 517.7665833572246 352.3264795455166 568.4702119584108 242.32055308641452 646.48125773012 278.2737730821405 Stones 0
430 357.53906200000006 640 357.53906200000006 640 637.558594 430 637.558594 Stones 0
264.26361269739573 499.4555713622907 179.19330537508358 379.25069706176913 349.07632540336635 259.03685344852863 434.14565800252603 379.23823008387376 Stones 0
279.9993926607567 639.1406042073954 280.0100362027297 420.8153069972423 453.75311643481837 420.82423385829026 453.74995089892764 639.1421277681685 Stones 0
300.8971837830177 538.8443402824523 268.65257920944714 518.4662027803746 319.7245507025218 437.6699823507971 351.9683069824532 458.04776355888436 Stones 0
229.2500719765667 681.2771367816431 143.20517527674383 630.3015949790632 237.78288790861552 470.70389136874945 323.8225663242338 521.6774618687662 Stones 0
196.07329676742665 574.2084286620809 125.39498351259681 673.1159119447615 -22.743488955529756 567.2790177355444 47.933676689644926 468.37526163637733 Stones 0
181.64879926691356 562.3023234700966 42.57743714508251 481.7350914970603 107.73395462761982 369.2892042475455 246.80032954573107 449.8545947967336 Stones 0