105.70609118287393 289.4866930508672 -8.823870013875421 266.0839409269142 40.491406026121695 24.758297007929837 155.01804006322345 48.16068784104587 Stones 0
138.75 0 263.75 0 263.75 115.488281 138.75 115.488281 Stones 0
383.28989872781676 330.92365320362626 206.82909574563382 435.06916162130085 61.4146820789756 188.6905500261285 237.86700587872474 84.54834870784481 Stones 0
320.18608755977766 -2.529778008254101 567.5879706718842 58.42491655972866 497.1837617010897 344.17415973670353 249.78237682043982 283.22069001535215 Stones 0
500 72.773438 631.25 72.773438 631.25 289.511719 500 289.511719 Stones 0
438.75 0 611.25 0 611.25 75.9375 438.75 75.9375 Stones 0
415.92020583411795 413.84269811332035 339.9713882891956 351.9639385202134 399.4963507173088 278.9120971762009 475.44398712991097 340.79008897922927 Stones 0
293.53690337826265 582.0542592410131 193.27017520699883 474.5532070439863 344.0358211808052 333.9590648739123 444.29945518408203 441.45635637114935 Stones 0
49.25614609259355 266.70240869938084 140.68765508076467 260.21984319376855 157.33730565407313 495.02801361625586 65.90582107033697 501.51036124433426 Stones 0
449.0266764077387 575.9354786887401 417.54316004815337 297.0126365479241 621.7233180686162 273.9711792169349 653.2147259455814 552.8843351381026 Stones 0
486.25033169919334 639.1406250000001 302.4996492669743 639.1406250000001 302.5048144695029 510.9960939999999 486.2454468055512 510.99609399999997 Stones 0
234.72088883107062 609.7082760599288 127.4878114979947 602.4988353948244 143.25430476448673 368.1029308889572 250.47834767508903 375.3120689189957 Stones 0
41.58926898140635 511.65999584773493 144.36789742969268 474.18891489904496 203.91552585337195 637.4852739200608 101.13761567619804 674.9549718986323 Stones 0
212.5 553.710938 315 553.710938 315 639.140625 212.5 639.140625 Stones 0