258.55536396280513 375.4834360034331 117.71840259178134 486.7521406895145 -17.75103297251917 315.2956685284847 123.08059285831405 204.03026569951328 Stones 0
0 69.609375 108.75 69.609375 108.75 289.511719 0 289.511719 Stones 0
50.65940835738729 16.367942086655994 128.13941813117708 -1.123025325376239 167.53323194214317 173.37953733508363 90.05326026082912 190.87038922057047 Stones 0
226.24999976971594 -0.000047530979692895006 226.25005593268725 66.4453256522223 99.99995222482539 66.44527893470224 100.0000001967419 5.661662649769675e-7 Stones 0
279.5057720226032 164.50122892488 176.69148927561764 187.34868481612168 140.67885133415984 25.28965086374393 243.49185835148091 2.4423504316596074 Stones 0
248.21556761307875 141.4345925004859 293.8303193177853 350.4570587929453 147.1916207245522 382.4533260737197 101.58032074519724 173.43382378868375 Stones 0
348.8134393161454 133.45277176904884 254.48527880107576 140.6654090847599 243.76269955995667 0.4291362341957245 338.0901235980855 -6.783470864661231 Stones 0
311.87053524256044 110.74771910732534 365.74059663056687 153.3108943185256 291.01617406806326 247.8832909995843 237.14641372527694 205.32045577065537 Stones 0
267.5 150.292969 422.5 150.292969 422.5 431.8945309999999 267.5 431.8945309999999 Stones 0
521.2503730523895 123.39843800000006 348.7497264403646 123.39843799999998 348.75018531391106 -4.770832022195275e-14 521.2498580422834 7.951386703658792e-15 Stones 0
438.49050686418195 89.87588775303264 665.532229526143 110.37617978518689 629.6316343868239 507.9542108262178 402.5899165147712 487.4548755836142 Stones 0
373.16647007908614 405.3863290470381 538.6357680695073 464.4180199835463 458.6477143261436 688.5802554176876 293.1796295010281 629.5513664032021 Stones 0
239.74279014211788 342.8348467291741 366.72950193169527 443.15692924770156 249.09887837377028 592.0256435483203 122.1151553538948 491.7068880539147 Stones 0