0 98.085938 87.5 98.085938 87.5 202.5 0 202.5 Stones 0
37.81659442574892 194.80594803821018 175.0005674525164 203.731717344406 160.60758964944398 424.93012215096206 23.42362840732676 416.00457849371253 Stones 0
356.5963987573923 160.5834491520436 249.90946458827239 306.0624920216474 62.41323707406991 168.56314672746166 169.0997100307868 23.085865288424564 Stones 0
212.5 0 395 0 395 151.875 212.5 151.875 Stones 0
368.75 0 485 0 485 90.175781 368.75 90.175781 Stones 0
355.5756479921547 179.13499926995257 437.17925604229094 44.57965190281438 581.704248695969 132.2288386294426 500.10222628821793 266.78279883949534 Stones 0
333.2799700284522 185.50682150701093 498.747069263045 198.5799255248457 483.4593988467532 392.06621664945493 317.99232771474635 378.9933894143735 Stones 0
295.60514493176015 482.7915232980325 137.37351005751407 468.90137617699503 162.14110444045218 186.84968787160724 320.3612170015549 200.73931409578614 Stones 0
333.12295809635543 355.93473347904296 437.6950193394441 418.35293124289956 360.1202027285035 548.2968444086431 255.5493279118673 485.8802357590067 Stones 0
124.68075430297176 638.4226269107302 121.66228570131352 468.8831515027809 275.04115816860576 466.15350374995495 278.0648957293306 635.6875636658838 Stones 0
405.3035244642524 507.72781947837746 422.8410982652713 348.42658125511275 507.0240225151065 357.6940376726165 489.4888706850179 516.9929893136789 Stones 0
533.853917546221 633.8653221748574 478.16711458886857 655.8590159632381 437.2561287214194 552.2988008561201 492.9405052099901 530.3056416901676 Stones 0
601.065276027366 493.22860547968907 561.7123377310054 522.2448952962217 511.4397659273527 454.074264541619 550.7919037957618 425.0584065931863 Stones 0