122.73155416500231 199.34036581762356 24.31796280805429 193.58053190739267 32.80647918400064 48.557905612328156 131.2187761242967 54.317701920210624 Stones 0
0 181.93359399999997 115 181.93359399999997 115 398.671875 0 398.671875 Stones 0
108.94407543702982 283.662673069271 274.45348463188566 327.7378527433604 217.5952456822415 541.2243190548115 52.086361508772825 497.1506098158512 Stones 0
306.5229070922942 338.37518368977396 119.45639594094246 339.46196415206464 117.50349844347511 2.362692348230747 304.5608380318299 1.2759408099166205 Stones 0
31.25 0 242.5 0 242.5 102.832031 31.25 102.832031 Stones 0
281.25 0 363.75 0 363.75 112.324219 281.25 112.324219 Stones 0
366.25 0 548.75 0 548.75 120.234375 366.25 120.234375 Stones 0
601.0107652908482 371.257326090246 423.1667393607495 338.83128113902364 472.49869286606554 68.30207681473702 650.334381433131 100.7273111311996 Stones 0
472.42616728581197 414.79667602169974 309.4166619416501 430.6967770247812 280.6361038354953 135.59034482952535 443.6350559766288 119.69078414852319 Stones 0
303.6720716058335 508.18724775119057 485.49013562842447 388.49851148065454 590.2806107959623 547.6581889565194 408.46605126425857 667.3424968479554 Stones 0
290.85571244126186 237.34755007718772 241.77101010929618 183.48312124547624 326.0059004111099 106.72482863538868 375.0903269020637 160.5888915158067 Stones 0
291.2590004950471 354.1635048818967 375.4557568887685 424.4516829505691 250.93088284782425 573.5912747856084 166.73629147444444 503.30546884411666 Stones 0