73.0346666368132 303.84041878355947 127.79842987474694 276.94547860553234 191.23570346157067 406.1064650408537 136.47227382876736 433.0008959860936 Stones 0
143.27835121031967 322.8496527674958 97.47129582487105 185.31394227254307 265.1543980659335 129.46811083543653 310.9625272041012 267.00175222516725 Stones 0
445.1958369940985 93.9166244310567 365.79674507862364 206.83940953446586 231.81739961532003 112.63499819066966 311.21616762829944 -0.2869502850921537 Stones 0
499.4389901809336 83.86394222791097 427.27447674922587 114.9650923688013 380.9101131980424 7.385077379948989 453.0743683845503 -23.716007352352484 Stones 0
519.0634295804921 53.0149980748794 570.5223100439616 121.821344286845 457.5726598073379 206.29251029219688 406.1142848215968 137.48662423299402 Stones 0
446.49586758030637 188.91588570386105 559.1141774994321 164.05478613107178 601.3468568556709 355.3560415215012 488.72869744416676 380.21664542824453 Stones 0
292.2607937295834 278.49465002213583 357.3976227474486 147.75649108957361 522.4464781112329 229.98497795598948 457.3124037784146 360.7207697493396 Stones 0
136.33594537524914 423.1262814339635 221.13076869492943 238.41506819805755 446.95142901691725 342.07252919851555 362.16427205981745 526.7772176252676 Stones 0
482.7960712204367 411.71651583252157 677.3244229234842 475.5043333908811 620.726785832012 648.0685434048206 426.1994323658291 584.2830261635372 Stones 0
440.6787369951053 334.2753609298626 525.9163173787965 365.62288483386726 468.79930206327117 520.9100690424782 383.5621245815855 489.5633662050738 Stones 0
450.789014895563 529.1186483851092 415.8079216768965 651.6906497703333 192.71454221227032 588.0279652141851 227.69925284774217 465.461636858342 Stones 0
292.49999838517397 -0.0002504335532348712 292.50034001248423 153.45714645561844 124.99965123257425 153.45678518718822 125.00000283551344 0.000008921753454201162 Stones 0