-4.808648556427215 236.90337786720295 32.72235717602598 71.96957210072603 201.9575765178888 110.47903482813241 164.42875849556003 275.41087503701084 Stones 0
55.00586442576605 206.78661428281583 245.5735324244597 239.18502577004665 199.5311705396307 509.98314136424494 8.96377257151471 477.58592020877467 Stones 0
256.2667962096748 238.01683192088183 112.79910537101387 209.67783312127756 159.57627358002355 -27.12071287647509 303.0406576317182 1.2179061105914133 Stones 0
311.7693810362107 -12.611808434753405 387.53742704124306 12.798539612460383 302.1414910870226 267.427446352028 226.3735876827559 242.01741923433246 Stones 0
445.9567788334243 327.6420089210093 321.073173872137 337.3472801235926 299.8479488778685 64.20225083349072 424.7265673188667 54.49717445383526 Stones 0
406.72006163265905 284.71118177717125 358.7365796834638 427.61144943787826 181.69679377991997 368.1661656752528 229.68191137151734 225.26914805368068 Stones 0
391.2490232862183 404.998283704621 391.2511330896814 542.6368967556989 267.4994016395067 542.6361623460763 267.5002927069727 405.00059668790345 Stones 0
296.25068772344093 639.1406249999999 159.99902684648987 639.1406249999999 160.00337935729476 444.5507809999999 296.2444220337784 444.5507809999999 Stones 0
146.24952638150717 503.0856238136289 146.25108703919977 639.1425444708959 19.99983129047905 639.1406147128159 20.00190357073734 503.08734822523525 Stones 0
437.50047378569434 639.1406249999999 303.74834197034943 639.1406249999998 303.75115429800644 533.144531 437.4971324181388 533.144531 Stones 0
415.84968147959444 478.7733088705474 542.3556032065972 450.4347473452874 584.5042278156325 638.5516702267954 457.9986887679843 666.889105141591 Stones 0
630.9720723322243 360.33279329110337 620.5434502755088 492.20296760244145 367.1237619097519 472.1568177138165 377.55709399112675 340.291733535849 Stones 0
613.0428949660563 319.7548295190558 445.96862899241387 383.2187865290558 350.2786433124129 131.30657902409376 517.3454655435489 67.84424007944101 Stones 0