133.75103331985883 333.8085940000001 -0.001251038338523358 333.8085940000001 0.001305804107687436 112.324219 133.74879047783907 112.32421900000004 Stones 0
144.77530356867646 275.3198719220433 283.70610128476983 438.8361971191283 114.65317668749776 582.4453418236716 -24.271624980829074 418.93468729405674 Stones 0
204.98686597697088 326.1939902665383 66.2288834519859 267.46190643500466 193.29967285433668 -32.735201131710184 332.05306152238336 25.99573262757682 Stones 0
353.44269243083545 -14.446253486879836 429.76594517218473 25.75664993595108 297.31814227860013 277.19881365784994 220.99523945827968 236.9964766330151 Stones 0
447.5825775042176 377.5479857214936 323.4202071603795 374.1059226916333 331.0660535393981 98.45527921087339 455.22248252607824 101.8972608332406 Stones 0
417.3421620226145 322.8777049768089 354.50261425568897 456.30957261693106 173.0866252227861 370.8764349575339 235.92695438754163 237.44805599073257 Stones 0
467.14739589500823 110.79316795048885 641.5016946481774 124.03891315473004 621.2603610412043 390.4662978935546 446.90606169053353 377.2208839355883 Stones 0
431.19807178409246 540.8999886286683 393.36976228536514 401.4285524016475 623.9968566210882 338.8845940977568 661.8285433909477 478.35034455093796 Stones 0
640.0046489199303 639.1406250000001 426.2465591344517 639.1406249999999 426.25243860064074 499.921875 639.997886915371 499.921875 Stones 0
317.9996360363293 600.0158178582216 280.20371293961944 477.86793109206627 401.0398546096985 440.48554164171884 438.8374441493943 562.6304190671399 Stones 0
162.30640932342794 523.7082951500987 288.1620221200865 490.56870834972256 326.6162898357288 636.575659949856 200.7611020043987 669.7141770852236 Stones 0
362.0834906581149 449.6723969814175 360.6202933895838 411.5200356993137 400.1372846515005 410.00471850401493 401.60071343205345 448.1568375347971 Stones 0
187.50009227856935 639.1406249999999 79.99962036861689 639.1406249999999 80.00133867928525 571.1132809999999 187.49850511012482 571.1132809999999 Stones 0