60.64013940675068 366.02993839930537 -39.200398492248496 251.2919077208698 136.02771930891322 98.8228890318853 235.86670290489565 213.55863176341308 Stones 0
253.58450131963764 421.1958964224548 129.92786350412644 423.9479087767608 125.86959635889798 241.46850937101053 249.52057661103026 238.71656070606176 Stones 0
177.38958544527122 130.54735820302236 264.2787031754415 121.18580531383982 276.6901670776133 236.3802385938557 189.80106146344042 245.7417173499611 Stones 0
220 0 432.5 0 432.5 224.648438 220 224.648438 Stones 0
550.6399282997882 415.1746197453513 331.2642024629895 356.61910498945196 407.00768745438836 72.89051981718362 626.37181801103 131.44435622921299 Stones 0
440 0 640 0 640 113.90625 440 113.90625 Stones 0
344.7775812479813 413.22148877566894 240.56619078517542 405.4541587089761 256.9045235455269 186.3054805491598 361.11076707733446 194.07261632342556 Stones 0
0 362.2851559999999 203.75 362.2851559999999 203.75 624.902344 0 624.902344 Stones 0
180.3471738997905 429.097142278161 342.32489028348937 373.2287663206984 428.9071095323743 624.212517555911 266.93082776109804 680.0780394957246 Stones 0
379.70287223914056 371.01207254249266 533.9042730689835 368.1115776611293 538.4020939670881 607.1959214105996 384.2007001429738 610.0962913175558 Stones 0
506.24717988219345 639.1416283532404 506.254419275283 378.1025318655807 640.0006174448936 378.10813583198666 639.999999872598 639.1405297390959 Stones 0