167.9871158797323 466.87550937456143 18.6845094031014 348.920726834644 145.60534831121913 188.28475716396667 294.90340117183223 306.2368568233585 Stones 0
240.2945551560697 624.8527464708859 129.45980310061714 668.6282837266456 50.178213183244225 467.931999074064 161.00413384570857 424.15843059149176 Stones 0
58.99361939482333 216.86743538284065 64.42934758953925 75.17177768489383 250.19876853948517 82.29798246324202 244.76457706550718 223.99214141930224 Stones 0
113.75 0 251.25 0 251.25 82.265625 113.75 82.265625 Stones 0
441.2499954001396 -0.00016111302828501796 441.25016992838937 88.5937656652795 241.24994042496837 88.59364604442527 241.25008131602954 0.00003496699921985539 Stones 0
360.93561534027685 201.1615871215676 274.020546688771 221.61729001246778 242.30633252147527 86.86524086722005 329.22023187937157 66.4096759847563 Stones 0
466.6072802092822 224.53329584662413 402.67762847019185 258.20771427522726 321.218139765042 103.5623051054013 385.1467542715545 69.88821047047347 Stones 0
376.6861427910044 68.5609165076755 421.2810885447834 39.85074023858902 464.88867780863075 107.58527907722 420.2937948593899 136.2953783870748 Stones 0
435.7567560096504 49.93342982028472 552.0092793335789 42.060329776887464 565.4340843696991 240.285969692818 449.18156303596334 248.1589887800831 Stones 0
536.8377128256543 399.09787037582294 419.6330873302213 376.74653864461567 449.2552870041254 221.43996115053707 566.4557340848842 243.79088200924377 Stones 0
349.8482704372145 285.6915990724186 465.5005077439273 349.7852296777726 315.3709249084204 620.642209545942 199.72107981280715 556.5518903633882 Stones 0
150.4527483668062 462.83150150877213 228.18194822400983 405.662589888335 303.51718051198986 508.0754142700039 225.7891190158989 565.2430070315316 Stones 0
274.4896792386862 308.45207731071076 322.6892290364776 328.9566376999301 272.10460454829445 447.85220710622673 223.90527103285422 427.3480209252115 Stones 0
594.7265326805791 415.48748978039544 528.6449607375107 639.2410080229495 367.3048726496927 591.5958485200591 433.3905109977786 367.8493191386031 Stones 0
441.2515661791258 639.1406249999999 219.99965812981827 639.1406249999998 220.00620235274255 533.1445309999999 441.2478843337158 533.144531 Stones 0