60.41196338745067 215.5125824757766 71.01044542592717 73.17360022096709 254.8988344817917 86.86536931104341 244.30192337240442 229.2029120474166 Stones 0
155.61715973097307 192.0198643605687 293.19841843796894 314.74324564683405 157.2314855235163 467.15632312479295 19.65292872140708 344.43587426102954 Stones 0
237.3609928192309 360.7357507760724 210.11006648164766 242.3121318271886 422.2371010699135 193.50001540461864 449.48988705196825 311.9210872953567 Stones 0
291.7829371570406 323.6070764701125 428.78926225334 345.8466746812584 388.27413968982 595.4029651162659 251.2680312924931 573.1643257507146 Stones 0
366.5846520346531 289.3740504353216 481.4491528049257 361.9698004156965 321.0930156273389 615.652590039293 206.2313323035778 543.0605129222929 Stones 0
55.96853603448835 440.1348852470997 172.1929395449115 402.42733869203073 243.8140943387407 623.1413802443823 127.5904777157848 660.847188474131 Stones 0
151.1374622315634 451.51647103809495 217.26616818203183 402.7596725638048 295.6503333710134 509.0552876615227 229.52260623671464 557.8109396512953 Stones 0
438.75027434827643 639.1406249999998 208.7496355735493 639.1406249999999 208.75668094864523 501.50390599999986 438.74345503274526 501.50390599999986 Stones 0
434.7185636397626 340.4178010616024 475.1433221028856 225.73840380335264 595.4266636925604 268.1360740918041 555.0038407184184 382.81383730054307 Stones 0
440.30115417728666 48.93560513417002 553.8861291697685 46.37145673607841 558.398486100632 246.2545572692639 444.81350938680407 248.81867876854002 Stones 0
461.51846770299016 233.84862146532862 388.8914901797398 260.6275445897368 328.3856581879809 96.53229575552078 401.0113881079451 69.75361042225184 Stones 0
368.5290680087928 211.10536477231068 276.8065360853507 238.9787018138766 236.68395573971793 106.94776605445911 328.4050526048668 79.07466391470126 Stones 0
441.24999741681677 -0.00012722109775158315 441.2501109677396 87.01174854683002 254.999859245072 87.01159640424078 255.0000004107278 0.0000010024961255318987 Stones 0
105.50777117990947 75.80854211567261 118.20034267919254 -17.788379766579826 326.27610799980175 10.42855507085201 313.5839452750224 104.02500480720164 Stones 0