172.96687555695826 337.50801513100475 74.11751249303052 357.7062696988133 33.45600553213444 158.7116544173968 132.3018117211177 138.5137715189392 Stones 0
215.21473496111867 347.3270522449641 195.81499158623046 527.4428383507951 73.37190985759662 514.2537122164402 92.7747525673476 334.1413969761107 Stones 0
322.9340382434748 456.9649567994243 251.40588352085615 536.74386193166 139.21436010175967 436.1680500571728 210.74100847887166 356.3911394323372 Stones 0
414.09598862468556 373.7352470300267 518.2692829104053 481.9359851959229 349.28261713786924 644.5960334681981 245.11409844169975 536.4000396560884 Stones 0
607.9689312351547 420.6671007513551 514.7272140850691 500.879911812596 426.7494520175387 398.6227287295221 519.9888112510234 318.4116056801959 Stones 0
599.0205456297554 246.69823366920312 429.29162582389836 395.29680157166604 348.6119235764636 303.14763269266854 518.3382728882134 154.5509838116019 Stones 0
261.5090223881998 137.95368677549064 425.06916871643625 147.52594899564667 407.6348559582402 445.4087960214932 244.07472867053002 435.8368398401874 Stones 0
256.9939511654229 355.91823262036434 144.4601700270141 349.33223287401154 156.8750456635462 137.2618081699539 269.404405188543 143.84767704028454 Stones 0
132.69326101639308 114.74571431247013 192.04706933051057 107.71131554426829 200.67035225649306 180.47055075155515 141.31654913828243 187.5049209158667 Stones 0
97.96846520228428 90.74340366262497 126.23962177880458 -25.90486385716613 356.3278034520772 29.859840997046334 328.05745865734934 146.507318584082 Stones 0
288.75 0 476.25 0 476.25 101.25 288.75 101.25 Stones 0
395.5586246186431 98.77808168743206 491.40902616098174 94.99148463844163 496.54165935353376 224.91217646263098 400.6912593746529 228.69874418307032 Stones 0