175.02800944028422 -18.77129072220124 306.6290732829657 59.21264602066752 120.97392293238954 372.5046338910233 -10.62578291472164 294.5226058517528 Stones 0
211.35414015196147 443.96049222382607 103.11392107665597 430.9158011966307 130.64742869180918 202.5039831334961 238.8814513394027 215.5482853905909 Stones 0
35 397.0898440000001 182.5 397.0898440000001 182.5 637.558594 35 637.558594 Stones 0
286.2520251195383 624.9023440000001 182.49786648470035 624.9023440000001 182.50245423681918 398.671875 286.24753542600956 398.671875 Stones 0
284.9997333238571 616.9920486268223 285.00000995831215 639.1406241450504 206.24999523883162 639.1407238509425 206.2501261120633 616.9925568344692 Stones 0
496.25043312102207 639.1406250000001 272.49720885956776 639.1406249999999 272.504539642905 466.69921900000014 496.2418497593171 466.69921900000026 Stones 0
489.80386022507446 524.8969537309869 313.5025519241026 475.73681582234536 393.06148944560846 190.47141664383497 569.3505962061317 239.62983067369834 Stones 0
640.0033333202737 637.558594 468.7459792423033 637.5585940000001 468.7581230529031 286.34765600000003 639.9945762984134 286.347656 Stones 0
256.8864032340207 189.91484255605596 396.3102631352376 217.84112591159266 349.502149769105 451.517462793384 210.0785293601075 423.5919775458533 Stones 0
451.57876385848795 244.9160923320299 312.78820331703173 242.9578753450653 316.2319182826468 -1.0319976348645326 455.01988170501136 0.9262032631667705 Stones 0
249.02311584308336 -11.734300368674242 337.12172508603544 1.7611316956011462 305.4384219273925 208.58952855750513 217.33982755955367 195.0941952934748 Stones 0
375.1981386258558 93.77334535652247 488.27587392130226 -22.370786623318462 703.6488012145855 187.31475310443355 590.5728513356735 303.45716482763856 Stones 0