73.84712410253996 339.95055759449144 -87.28150001523318 255.07717778684778 85.21201437812124 -72.38027643799417 246.33634597565106 12.49168341093389 Stones 0
176.2690592063882 496.13035339751536 33.992845126922475 492.32009677770776 40.55003975823638 247.71597017032306 182.81645298608055 251.52609385660224 Stones 0
215.37239356963255 409.8227548911898 107.04493380064378 391.3888637169098 142.97133618354565 180.29874742844294 251.29409486478835 198.7322440490773 Stones 0
502.5614988798043 222.15520574942443 585.2409540371445 444.23234608080907 361.20807484170655 527.6220883386853 278.5372668123455 305.55224365123416 Stones 0
264.4901954255329 359.29350063669483 349.0280782240734 438.44613433945113 211.57499793247553 585.2236474334777 127.03980127080285 506.0738055983546 Stones 0
470.6699417204072 253.987882175879 313.42326078549377 268.60462721315963 289.4412668055884 10.594330301864979 446.68437749525765 -4.022260034275471 Stones 0
486.05109186180925 -24.74110563285372 622.6959364126378 5.091471425465564 560.8730968903546 288.26064264974605 424.22841208419413 258.42851089453 Stones 0
272.2220057788945 210.67545362542643 163.51224246493075 182.0446518314023 204.59852462394338 26.047847433337132 313.3066385908023 54.678405294262205 Stones 0
232.5 0 313.75 0 313.75 45.878906 232.5 45.878906 Stones 0
325.9762153199699 440.6513222003901 218.43768575810827 433.2633051504694 234.75916724542913 195.75542206607423 342.291893264628 203.1432443542715 Stones 0
433.75163900003827 639.1406249999999 228.74921565009572 639.1406249999999 228.75885157016455 435.05859399999997 433.743660737382 435.05859399999997 Stones 0