106.37683002933045 253.1469404863567 17.36074671993265 134.45965715947557 170.52975863800384 19.58409097864837 259.5454655350477 138.27028128547906 Stones 0
146.39618540983065 387.9126770497293 63.44908571052656 299.69309707295906 224.79110994601797 148.003078298918 307.73657314326556 236.2207554594038 Stones 0
58.18421728195972 308.446020762691 138.79559923690977 316.75282482649766 124.06968319264706 459.6426586975247 43.4583241771179 451.33602263825526 Stones 0
245.003142907226 637.558594 49.99650287543773 637.558594 50.00669977191137 390.7617190000001 244.99476207471162 390.7617190000002 Stones 0
288.35446410586883 532.0025359251986 198.27985334217374 538.2445266730983 188.59696760198858 398.506963671675 278.66727575652476 392.26512142081344 Stones 0
245.66490111239546 204.50263595044214 358.65437607812055 238.93456356732005 296.07333516993094 444.28148868230744 183.08427324482182 409.8504415865705 Stones 0
474.9909901833598 250.49045676383284 349.6310329889093 318.6667793961809 212.35822361850296 66.25803973049113 337.71484931145096 -1.917166718596158 Stones 0
258.7499780872895 -0.00008729689704172347 258.7500845174509 85.42968922007672 84.99989016127074 85.42955683910195 85.0000173436274 0.00003802955069492955 Stones 0
342.60054448925075 3.666175786571201 485.7457397686085 -73.80069897470432 599.5562954308843 136.5012201107314 456.41149802358996 213.96753842018887 Stones 0
557.7470035396254 109.85258668433386 678.8572496704 213.86162309242505 507.9984595449787 412.8003410669549 386.8907174353808 308.79400911844004 Stones 0
426.60386207578995 577.5920514536125 256.5904161211074 550.7294228140543 304.1032670252753 250.13286872512694 474.10108936412144 276.9942345492698 Stones 0
621.2155716446432 651.5287096199947 419.7133078848856 635.6103539091814 444.1896805741271 326.0003232041863 645.6693884608103 341.9177853027665 Stones 0
431.2503875438415 639.1406249999999 227.49966805356962 639.1406249999999 227.50601174120675 503.08593799999994 431.24432793549204 503.08593799999994 Stones 0