237.2963997075567 620.995515519937 25.735114615454222 650.0621827636326 -38.48694530373905 182.58812926205124 173.04663193506713 153.5233137025878 Stones 0
210 267.363281 397.5 267.363281 397.5 526.816406 210 526.816406 Stones 0
243.51866976627207 140.10978044418982 240.0933340541087 280.88891824903976 77.821941249058 276.9390263555042 81.24898791793385 136.16172561876596 Stones 0
256.5994772039994 -4.537747095476299 262.6949266248266 149.5688142777364 65.31262493415852 157.37494631369447 59.21808354622044 3.269311849402863 Stones 0
407.5009751941252 232.55859399999994 232.49913531581115 232.55859399999994 232.50142554548802 -1.5902773407317584e-14 407.49929855061055 1.5902773407317584e-14 Stones 0
621.2505633918045 243.63281199999994 421.24888022714003 243.63281199999992 421.25119491181977 -7.951386703658792e-14 621.2482497531892 -7.951386703658792e-14 Stones 0
460.26580043711874 342.17428538649307 348.6758343177644 254.00933944771398 423.86309542569506 158.85146721641138 535.4514043415111 247.01539612672875 Stones 0
462.5 211.992188 640 211.992188 640 536.308594 462.5 536.308594 Stones 0
564.1093019236723 620.8739421375462 478.80973608269414 671.8226588249137 339.04508612671634 437.87146681684544 424.3374890670384 386.92551749664227 Stones 0
284.99948350625345 639.140591920954 285.00784854804806 468.27772415922476 440.00291879179713 468.2855798226777 439.999963440132 639.1430353123333 Stones 0
132.49962104287988 639.1405808738534 132.50555949671252 525.2312662041975 285.00160496456374 525.238452997945 284.9994341083948 639.1440157434523 Stones 0