144.7118062631489 146.58056801646947 63.24586603419448 133.7070181071099 82.02586166509718 14.867231693287032 163.49118534148147 27.740729754175483 Stones 0
86.09543019600096 191.21000588388318 194.23028149358288 156.25947163513337 246.54879860507208 318.1235900544725 138.4141745276429 353.0735678459461 Stones 0
180.52426249611017 141.69105587603278 313.0771530320635 110.2727959152862 365.35796736025077 330.8369531028091 232.8052932704304 362.25455790353385 Stones 0
191.3956936402974 48.281493873591614 291.9006440650992 106.97630116920945 232.3865111345367 208.88275846497393 131.8817879024573 150.18827476382182 Stones 0
230 0 480 0 480 162.94921899999997 230 162.94921899999997 Stones 0
341.86458088763175 167.2262253544029 467.5660252356465 149.1689171235248 499.01267733614077 368.06802942222674 373.3113547873654 386.12494102158456 Stones 0
524.6076346403424 238.54693958062666 418.4596348951891 204.99974728836196 463.9146667669411 61.18040381441206 570.0609132066893 94.72728582859988 Stones 0
453.4358936280478 272.28521227391803 609.002992865353 291.4031854420075 581.0910883714678 518.5042096829541 425.52408166891837 499.3868850956091 Stones 0
457.2428415646573 444.19426563943836 373.0935699937254 512.9283965142581 286.5911890174175 407.037793803768 370.7381999244535 338.3051191379337 Stones 0
286.87142486989615 554.3971365768462 216.65480013012711 536.3692992220205 262.6289649868704 357.34366351176277 332.8413667285349 375.3709290572132 Stones 0
351.62170641182456 465.1257454372753 450.7583163773961 549.1672507636907 330.77248927918845 690.6661903459111 231.63894750709005 606.6280143571148 Stones 0
212.4066821737506 556.730506292527 31.929801933365525 515.1449327014045 77.64136208439595 316.82336377566327 258.106631841074 358.4075311381011 Stones 0