0.07486431815777905 180.4005921491687 -11.933202639775118 45.6607525888341 150.07919965712063 31.221877922812755 162.08801834873157 165.96108363495617 Stones 0
0 158.203125 120 158.203125 120 359.1210940000001 0 359.1210940000001 Stones 0
181.51655457179004 -23.45506971886738 353.6183016077848 29.23697939491102 261.81777765516017 329.06913515816234 89.7163632518641 276.37801050323947 Stones 0
25.134870947586023 508.51723129016733 105.62747021285759 272.34640006845655 297.28693779303285 337.6625165504414 216.80317797363386 573.8258509027994 Stones 0
4.998434115550481 639.1405199333133 5.003911358508049 523.6496447252897 177.50050487018598 523.6570194069152 177.49934343999485 639.1435472857387 Stones 0
174.27543165322277 641.8986909526107 169.51806678596768 423.5675439632813 369.0357222162129 419.22125997683787 373.8014875130466 637.5438271105176 Stones 0
536.2698412167811 145.91450735650352 661.123149667983 260.13041326471927 426.5795777322637 516.492396199926 301.73108590970514 402.2814718772396 Stones 0
408.7069062140654 224.0958999100401 447.81041299509525 265.28916750122966 383.9171917450585 325.9372631413561 344.81406219994824 284.74436474979103 Stones 0
335.33460024613305 435.42695712093496 238.91385789160267 407.530847273228 285.49892196271685 246.53416274536653 381.9160461647698 274.4297371293754 Stones 0
435.6249999341526 115.4882809826607 436.79391751546063 115.79614088365615 436.0146391005401 118.75496392919081 434.8457215347298 118.44710406924663 Stones 0
626.1356783188239 -1.137550275216895 628.5186085545138 269.712317866087 285.34575277408294 272.72625212164706 282.96739421537495 1.880384087100443 Stones 0
640.0061155192816 639.1406249999999 466.2477278708684 639.1406249999999 466.2559259517002 362.28515599999974 639.9962519645487 362.2851559999997 Stones 0
473.8032146171463 639.1013208143879 350.16770904985606 640.1986912259217 348.49122604733566 450.9311314979573 472.11725083659985 449.8338031562278 Stones 0