131.42840166314272 149.05242669046558 245.29139107507945 154.67507802838452 237.3934113629366 314.6096641783521 123.53042730399466 308.9870907317602 Stones 0
137.06099130984512 96.52224741117939 250.4779604914802 105.48336721968306 233.76220066900714 317.0417649847675 120.3452412848128 308.0807924261198 Stones 0
204.93986836903787 86.04283499831183 113.94516158332408 116.8557702147079 81.50857064058073 21.065900188819366 172.50291676238703 -9.746966641817176 Stones 0
223.75 0 432.5 0 432.5 204.08203100000003 223.75 204.08203100000003 Stones 0
210.4636141420633 249.23401179674022 313.63745836526505 174.5134560345939 428.98387689907395 333.7757738545555 325.8114618177933 408.49470162104774 Stones 0
271.889659053777 165.19289076410934 209.7320380295423 178.28933990119214 183.42998969586915 53.456048746181246 245.5869752894796 40.35966959729883 Stones 0
359.92991925944807 511.6596693018588 259.65765112734516 568.8704534129125 176.65346007539483 423.4100975918023 276.92099193751346 366.20102343795566 Stones 0
345.4690285156539 209.89873083138224 464.7670255514822 181.2858302744401 507.2874399745342 358.5610657125608 387.98965608351864 387.173414232951 Stones 0
564.0648685217457 128.84975690763065 512.4760763701488 262.7798928587384 400.5639714712015 219.6724517189869 452.15318047092296 85.74335400403876 Stones 0
484.9999990322249 -0.000038361586171907475 485.00003603818186 75.93750795754939 402.4999519265839 75.93745957905836 402.50000015847036 5.090298781967659e-7 Stones 0
479.4945038118749 283.93027873266306 625.3976364224945 323.1442772081065 564.8347367355018 548.4526907213617 418.9320688245789 509.2400908971458 Stones 0
381.87499968509655 555.2929689170888 383.0439340615703 555.6007653386561 382.2646449039894 558.5596297737403 381.09571060158487 558.2518335472508 Stones 0
385.28528540606203 468.62399831380395 475.78227395883005 557.983158363153 354.87346927700855 680.3980526724183 264.379744327307 591.0421806680597 Stones 0
300.9898091307696 405.43885014923194 399.3534051577444 354.4435742556162 453.7915071551106 459.43501899555974 355.4285528597393 510.42932836897523 Stones 0
24.259731083002407 354.89462269902594 197.60121639243152 291.97434789584423 262.1250859133579 469.71513624843425 88.78453381170402 532.6335669778318 Stones 0