0 180.351562 121.25 180.351562 121.25 335.390625 0 335.390625 Stones 0
128.48740052664652 250.13959322378463 211.17276464341558 299.13455783411786 131.61168418206216 433.3922846328028 48.927019446200575 384.39827368162014 Stones 0
-45.18548104329966 481.49253356048825 76.41735601901019 385.4317666703142 174.492750417121 509.5651015762144 52.89230328613485 605.6231043971018 Stones 0
88.94225680473028 421.66067335264734 178.12359201707295 322.58807565342204 340.5275997933495 468.75946272386636 251.35008560158894 567.8283972205712 Stones 0
115 510.9960940000001 260 510.9960940000001 260 639.140625 115 639.140625 Stones 0
122.5000977403397 639.1406249999999 52.49992909040884 639.1406249999999 52.50109199201688 574.2773439999999 122.49920722882962 574.2773439999999 Stones 0
263.75 564.785156 426.25 564.785156 426.25 639.140625 263.75 639.140625 Stones 0
273.3273093596654 427.175136330605 347.3921525231708 425.2877392183999 350.9714436638751 565.7213003282945 276.90660199994454 567.6086481829092 Stones 0
296.2928025113797 431.31244137798825 496.0027926912153 215.11267328005462 715.7852066286432 418.115462968201 516.086028960417 634.3049407923671 Stones 0
547.5 537.890625 640 537.890625 640 639.140625 547.5 639.140625 Stones 0
424.2927809047251 360.61841824552806 237.69171377411112 392.562367984958 180.55401076067938 58.783795078444015 367.14677577452676 26.84049919922947 Stones 0
366.2121458962065 389.04186535651365 298.7261645174294 454.54869838843734 155.07564223837107 306.5692642313058 222.55986327043502 241.06408452778805 Stones 0
227.9734784957691 258.1614970290787 140.58072547595657 283.06452666498467 102.71370044793002 150.17910844293885 190.10473057962372 125.27634023633972 Stones 0
640.0026332335256 273.691406 388.7481848710013 273.6914059999999 388.7511583856394 15.82031200000002 639.9975537724822 15.82031199999999 Stones 0