189.46795010262576 288.87133575820366 74.0551501394657 357.26209924428167 -26.067764993495075 188.3050986471195 89.342029719337 119.91547686286985 Stones 0
267.19483278197004 81.08780629083797 138.67707494879141 182.63235484600827 59.72298759894329 82.70565749346972 188.24007538692968 -18.838483434328086 Stones 0
249.54423798553762 273.40441069342995 156.21444490316208 297.4826936964346 120.44703196144837 158.84540844340577 213.7748450863728 134.76738723058511 Stones 0
129.13396021198423 442.68313735773756 52.91494014963973 395.8478334084383 142.29815625338233 250.40415880197546 218.51464326224232 297.23844116402495 Stones 0
121.2513333647803 586.933594 4.99831967834325 586.933594 5.002493863503332 400.2539059999999 121.2476314005471 400.2539059999999 Stones 0
283.7489016656764 465.1167581079168 283.7513768685312 639.1423068922716 147.49873378990742 639.1402017031576 147.50115385591926 465.119621539424 Stones 0
157.64827599268756 556.5845634966381 74.47754992041155 450.6055389670503 232.74931432701123 326.41609937891803 315.9183994356863 432.39164222667506 Stones 0
155.107875626054 639.0248425120785 80.46965954941697 650.8164406365565 66.23375001203385 560.7198182309222 140.8690089598531 548.9284566457023 Stones 0
359.3433939808165 558.2536119931832 277.5474324255629 553.6380958295108 284.3371825674694 433.3636059760044 366.1294864281808 437.9790180973901 Stones 0
480.0002228280209 639.1406249999999 288.74751800947706 639.1406249999999 288.75129340725834 553.7109379999999 479.99678497290006 553.7109379999999 Stones 0
480.62499973078957 474.60937492910745 481.7939293925883 474.91718919874825 481.01464309373114 477.8760426693409 479.84571349516045 477.56822856652724 Stones 0
612.747588656348 584.8575521097134 363.08606161153875 576.9681902028207 374.3630744714028 220.58124785875407 623.997834015172 228.47018518184157 Stones 0
571.970464590122 543.5306036221205 612.4718004618626 628.0801769155833 519.8502269648452 672.4338006526569 479.35118401728687 587.8861744291395 Stones 0
568.75 458.78906200000006 640 458.78906200000006 640 577.441406 568.75 577.441406 Stones 0
470.0350916096795 82.47110264548309 385.9147022986872 319.25677447935334 163.24052779193153 240.1485812079262 247.36238518657046 3.3666070946329008 Stones 0
174.93776106333826 327.52338804998516 242.51812410999264 231.42302873257796 410.5194064100215 349.55712405818673 342.9418630281725 445.6549345993264 Stones 0
427.4994965696533 248.3789511531937 427.5008814814646 1.5816987685664623 639.9998838511965 1.5831274202994763 640.0009175147716 248.37790637446864 Stones 0