0 126.5625 226.25 126.5625 226.25 428.7304690000001 0 428.7304690000001 Stones 0
176.33284393770737 454.19492049677433 92.07288676952885 408.6483573968567 173.64731908783142 257.757016717293 257.9040682173945 303.30249886826954 Stones 0
-5.482983068359317 476.2335077858779 105.057766127793 381.63563141912243 216.9646828828263 512.3823011486168 106.42675763119769 606.9771547127598 Stones 0
191.36284560525382 526.6724374311581 275.28316061732767 608.8695329144344 179.6935716711596 706.4329616839182 95.77577293472132 624.2384142961728 Stones 0
364.8491215220565 508.0972682451371 268.03743488424516 612.9876947697226 132.4684306002746 487.8801385477018 229.27724732675415 382.99326626636196 Stones 0
335.82186095816724 456.36419793346255 250.61231342006067 476.9336155057303 212.5667942565633 319.33874490760496 297.7726536714181 298.7697817182164 Stones 0
225.4832266815356 148.7519969174092 298.0877743715246 158.13891972528725 284.0580681884603 266.6504970428014 211.4535365338088 257.2636550636835 Stones 0
258.05643394807703 191.22549572773642 330.2731419934571 79.30642614770517 507.97346920378914 193.96677158062573 435.7587583026907 305.88406332490837 Stones 0
466.48299801345274 317.2789786515485 396.0505165331415 433.8762820487552 235.63079193503654 336.97751853827265 306.0630864417908 220.38290798666532 Stones 0
606.2535132717312 639.1406250000001 306.24753226271423 639.1406249999999 306.2598286579305 406.58203100000003 606.2376230571681 406.58203100000014 Stones 0
448.75 188.26171899999997 640 188.26171899999997 640 509.41406200000006 448.75 509.41406200000006 Stones 0
549.855660638641 201.16756154720315 446.46394113493443 205.8805262907472 437.87493687603273 17.440554817276087 541.265072048991 12.7276262201498 Stones 0