0 162.94921899999997 206.25 162.94921899999997 206.25 488.8476559999999 0 488.8476559999999 Stones 0
193.57502825034317 221.42353474336568 315.1671144849388 213.88931551308912 335.00943115504924 534.0892697590805 213.4173948407988 541.6231470243409 Stones 0
401.7519499025366 562.895976850136 250.57732188630325 496.7511967087558 317.00931295556074 344.9546400676516 468.17670220611035 411.0976098843278 Stones 0
605.0013633000344 639.1406249999999 408.7465942252311 639.1406249999999 408.75367808606825 433.47656200000006 604.9922749701364 433.4765620000001 Stones 0
112.01480380863359 475.0776649490963 228.8327377413225 468.4069701490715 238.54212665311934 638.4030385971264 121.72420597533346 645.0734999487202 Stones 0
403.7501747079659 639.1406249999999 241.24989986332366 639.1406249999999 241.2525033793645 577.441406 403.74822798752575 577.441406 Stones 0
299.65885353863996 494.8160251291842 354.30309323339316 537.9822437296034 274.48274707610835 639.0024313593727 219.83955156269076 595.8373743773838 Stones 0
413.9181252884737 243.02182318404527 530.7961489278387 229.44225778855755 549.7570567276125 392.6265936810336 432.8790802774165 406.2058970434258 Stones 0
284.53817862864526 161.95722108742356 416.80673594237305 149.0952237126706 438.18984632278443 368.98296150857533 305.92134918580996 381.8446761813212 Stones 0
420.5568877878977 207.50048471380038 290.3343334578676 193.7817275270065 309.5393660109403 11.49555212740343 439.7600844133558 25.214214152638228 Stones 0
592.9696138122381 223.5704400459514 459.19148495522677 261.62233439912075 404.92650728017907 70.8424517005927 538.7020501271763 32.79092920333174 Stones 0
182.65962393037626 52.5030261386467 268.4333567271824 14.197719624806211 339.0991182669677 172.43250301444604 253.32556842076883 210.73752119301375 Stones 0
0 0 140 0 140 180.351562 0 180.351562 Stones 0
250.97510516672628 224.79025859409842 150.83125224729883 267.39600309515134 64.53931228388683 64.56983336993987 164.68118951081124 21.964548778240122 Stones 0
361.249997606792 -0.00006921015738898673 361.2500779952825 74.35548073642309 224.99993717108737 74.35542034912194 225.0000007552444 0.000002241753210683757 Stones 0