262.49999169835064 -0.00046206146254417814 262.5004803488264 178.76985217087406 76.24942673137411 178.76926338683487 76.2500162840297 0.00004234298745848764 Stones 0
271.9393528720684 0.3491008414704999 406.15471640077885 -7.225644029504574 414.1195595021418 133.90165873072596 279.90420512978744 141.4763771274872 Stones 0
398.75 52.207031 552.5 52.207031 552.5 286.347656 398.75 286.347656 Stones 0
154.3766231790505 415.28053693488357 276.71071933633357 169.78092279885672 580.7031058187567 321.25392847589006 458.3830952154676 566.741395635542 Stones 0
449.30748010461684 369.19648148659036 597.1090545259358 304.5598736253965 681.1112047658389 496.6222008033179 533.3110761278658 561.2565792620446 Stones 0
590.0017512217892 639.1406249999999 438.7492575165379 639.1406249999999 438.7538773014239 506.24999999999994 589.997487448345 506.24999999999994 Stones 0
436.2500481511961 639.1406249999999 342.4992542376276 639.1406250000001 342.5012097671424 545.800781 436.2481542408932 545.800781 Stones 0
375.25638492610597 520.1071524384329 210.84366832321393 645.588768200481 123.06342926458456 530.5929723858388 287.47002820688067 405.11486904966995 Stones 0
177.4996171334351 558.4566744233421 177.50059538986534 639.1418530357696 42.499837834984646 639.1406063814546 42.5012827138562 558.4578840961354 Stones 0
42.28850064704602 361.83378707804303 169.7237379305443 359.6452409976597 172.86716598529893 542.6561179120613 45.431930524791824 544.8445960291563 Stones 0
189.50366692566604 254.00112803874023 88.63543252700765 299.54140366393494 47.70254738315998 208.8803055196368 148.5692427754111 163.34043865049483 Stones 0
196.3827160436631 373.042867786557 114.33548836277623 347.8337561576503 157.49643857423507 207.37322674390597 239.5411899316241 232.58192659323927 Stones 0
237.5 132.890625 278.75 132.890625 278.75 194.58984399999997 237.5 194.58984399999997 Stones 0
374.34756959148217 228.2666610853336 309.2989523842698 224.31319390345791 316.305902890017 109.0362166889595 381.3535464627057 112.98965349138194 Stones 0
469.2878622277931 305.073650896043 415.61960179242305 323.24607469845296 354.2600855832279 142.04012606624173 407.9266052918683 123.86803933759708 Stones 0
413.75 0 492.5 0 492.5 64.863281 413.75 64.863281 Stones 0