75.08114881005895 27.39813375238303 254.80828910629498 -60.96022458307755 345.2345120093378 122.97331470305969 165.50776930132997 211.331118018834 Stones 0
82.62918369437102 116.49986488491717 159.98014569253428 119.89515960803666 153.30026522024127 272.07133342668544 75.94930400555313 268.67607583363116 Stones 0
217.18068867383408 306.5635763923909 120.59183837081946 291.30101204912086 136.2640812913014 192.13048097226334 232.85111065320962 207.39289588756924 Stones 0
83.49759248681949 289.9977215774029 186.05877295216487 310.2548132513685 149.83618126920192 493.62952654801506 47.27515814083745 473.37298446429037 Stones 0
210.0319611352461 279.8529237488014 329.87457513518166 329.9775191702781 229.30974615883315 570.3858903979527 109.46829913205875 520.2633559386788 Stones 0
213.75014178549463 639.1406249999999 69.99756382363557 639.1406249999999 70.00059367543145 522.070312 213.74594504217384 522.070312 Stones 0
312.241610881174 430.74924582825184 386.996811376448 500.8734422627007 250.5247819507349 646.3236640233861 175.77232082352566 576.2022945748952 Stones 0
224.2023876435269 210.18742498453412 444.6175651178055 149.5325765640168 551.4865298468794 537.8575846266322 331.07255864713807 598.5090865521113 Stones 0
410.00036036377423 189.84375000000006 279.99983186520694 189.84375000000006 280.00059322475863 1.5902773407317584e-14 409.9996335821197 0 Stones 0
390.4384565130749 130.77874593528753 455.3202978873742 99.54047169518431 543.6045548081165 282.90214740354963 478.7230189908587 314.13993346788624 Stones 0
413.1228885281598 87.35896528174115 526.7330197821866 -21.709261712446622 677.0735771819454 134.8916478987703 563.4644890442723 243.95887911656106 Stones 0
520.9521618511644 244.33193016004478 659.4397690609185 267.12610133083945 623.4611851596856 485.69640514893337 484.9737434708368 462.90292842449327 Stones 0
640.0014167694462 639.1406249999999 479.9969458120904 639.1406249999999 480.003620817879 471.44531199999994 639.9970639011735 471.44531200000006 Stones 0
379.6258666724316 503.5446565443866 472.16633689291484 578.470814158469 370.09807962429477 704.4979612476017 277.5600735779153 629.5745201264864 Stones 0
426.24995122198015 639.1406197051954 426.25088699685875 593.2612864147231 485.0003129057586 593.2623912736348 484.9999946391472 639.1411074684582 Stones 0