264.99999583204044 -0.0004867417022862532 265.00054564698075 178.7698405651325 78.74946008603729 178.76928835170594 78.75000773128704 0.000038549325918089906 Stones 0
166.24977522362315 180.35133075110284 166.25040340113628 273.6915197957145 52.49990858283127 273.69127004270166 52.50017445629055 180.3519675030276 Stones 0
41.9996575541154 361.16311055679836 170.1565704386303 357.547257579729 175.30207519732357 539.895022327378 47.145166038826574 543.5107651600491 Stones 0
155.80029993470816 413.4981575229079 278.342487267073 170.12015250230192 584.7225122970121 324.37567704328904 462.1944916467328 567.7414603117792 Stones 0
114.90643257973716 227.77315776682968 197.7792484666861 218.41955609069288 212.5712902413943 349.4695008369181 129.6984951266495 358.8229672689459 Stones 0
266.69567828590516 1.011266302421859 400.62319565688085 -16.62523947257678 419.98751432263816 130.42282641874613 286.06003336004505 148.05926596553417 Stones 0
401.8006535857421 276.9764652553285 391.09463558030257 48.55138012620884 546.1352056677424 41.284934142620685 556.8431340798998 269.70822892987337 Stones 0
472.74871303168766 339.0219848323635 617.4180768387305 310.44951127107043 656.6641970221826 509.13895438508206 511.99515563828754 537.7104893644213 Stones 0
438.7491507210507 639.1404189512888 438.7553280831344 515.7399336406105 592.501143402551 515.7472765792106 592.4990588500805 639.1436498686248 Stones 0
226.82124788123474 643.3269351229947 126.64980637382541 536.6711505056622 277.2022740103421 395.3034848550477 377.37003518413985 501.9549911917877 Stones 0
178.7513202883565 639.1406249999999 43.74950930236082 639.1406249999999 43.7524534430122 558.4570309999999 178.74942354632367 558.4570309999999 Stones 0
436.25009490577213 639.1406249999999 343.74937557986414 639.1406249999999 343.7509432533989 545.8007809999999 436.2478551752429 545.8007809999999 Stones 0
175 588.515625 285 588.515625 285 639.140625 175 639.140625 Stones 0
100.65102187290904 560.4366235626607 64.54707307260833 615.5768028889285 2.1732744517794345 574.7453867844921 38.277080251064035 519.6060589987111 Stones 0
377.4999004924757 112.32408226387616 377.5001692557271 227.81253110491616 312.49988858129655 227.8123159155912 312.5000953804556 112.32434562576442 Stones 0
237.77205422527913 132.2950320786151 279.58809780160664 133.5187045139187 277.72606989878113 197.1478311680914 235.91002646404377 195.92416349157688 Stones 0