75.19003873218026 29.598293607476045 253.54899473728437 -58.28946671466894 343.26167344261194 123.77314011642419 164.9030905602558 211.660359776488 Stones 0
81.05591745814309 116.44537578730115 158.43515195665532 119.50225847864915 152.4113248122012 271.98057942024786 75.03208993926819 268.9237298512406 Stones 0
117.04839456891932 218.97843899123586 210.56207171255664 194.35047929059385 236.8693971477478 294.2366519415769 143.3558108354191 318.86436977692034 Stones 0
81.93283360946225 290.56369798265087 185.410751559466 310.29707428142126 150.41039309558982 493.81249953978295 46.93261841239291 474.0796597249476 Stones 0
254.6740746057185 565.9769304588044 129.73245228175074 539.4949976709374 184.8979242225323 279.28935220573555 309.8292266171484 305.77014026831125 Stones 0
215.00015255034668 639.1406250000001 71.2476701282867 639.1406249999999 71.2503431510413 522.070312 214.99563717654382 522.0703120000001 Stones 0
313.36585443190415 431.69165220392523 387.2159354727046 502.1822833309493 249.866645445436 646.0435921596685 176.01934043057554 575.5557874481527 Stones 0
379.62590794457356 503.54469204766497 472.89299903277424 579.0591264666998 370.8247013662185 705.0862260307771 277.5600553417462 629.5745101550247 Stones 0
220.0576153025031 213.53100603084357 438.6668603610451 148.28458984924086 554.2607444778696 535.5548130668939 335.6528492616053 600.7976062710502 Stones 0
640.0015708410501 639.1406249999999 479.9970867297816 639.1406249999999 480.0034537569445 471.4453120000002 639.9967446040682 471.44531200000006 Stones 0
517.2114507886727 246.70944998175446 657.268875897862 267.2006013547859 625.5133715080592 484.23030994984504 485.4560687690537 463.73977381969956 Stones 0
389.23821088021214 130.63710351400775 454.5262113708304 99.50894923688928 542.1055869825068 283.1928127606217 476.81789666283294 314.3204765890308 Stones 0
411.92668854921067 86.27458208594972 525.5413162722107 -21.446557450383622 675.0797839309962 136.2728980599513 561.466151613422 243.99304781306012 Stones 0
408.7503906907659 189.84375 278.7497821414581 189.84375000000006 278.7506120735634 1.5902773407317584e-14 408.74958927641273 1.5902773407317584e-14 Stones 0
231.06574044300942 146.98699961234166 283.699610137337 136.5904321328456 295.2555415636016 195.092612573736 242.62168495712103 205.48914052880062 Stones 0
441.16464324251865 116.672404619411 408.3791669106722 119.0273544720411 401.29939692036714 20.46230491522231 434.0847002284863 18.10736149343396 Stones 0