118.96608486174955 252.28228675982774 -17.02183248293295 49.32681113327283 139.55836859880947 -55.58587169545654 275.54582074211794 147.36780093969378 Stones 0
207.1579874791496 376.4399247986705 52.534371994115645 437.5215860906635 -13.907428197198897 269.33629395672244 140.71034175321984 208.25591622927644 Stones 0
158.11413279123371 259.0201469539047 263.4235097877536 227.99621221442288 310.5496240013599 387.9534936045561 205.240530788069 418.97680556204506 Stones 0
336.35004409748944 331.8949432789926 188.97663143870886 287.9558959449254 242.34266000552452 108.98015262774322 389.71170659264317 152.91849040445018 Stones 0
185 0 426.25 0 426.25 131.308594 185 131.308594 Stones 0
596.250856147235 185.09765600000006 381.2493580683804 185.09765599999992 381.2511966740567 1.5820309999999427 596.2491289680474 1.5820310000000382 Stones 0
349.2811691518 389.7242946540667 357.5379196392896 176.79071510738848 577.0731415947375 185.30325266616046 568.821609515071 398.2316896045024 Stones 0
151.13531365095696 508.81600024866475 264.7314365903003 312.7999490070052 552.6429245486361 479.62840241876347 439.0610479251336 675.6320956507323 Stones 0
474.8584303219104 519.3982868884833 366.1528017794626 443.8256443077386 445.1558406902768 330.2060735505759 553.8580791260756 405.7770371717376 Stones 0
566.2506837071123 639.1406249999999 466.24972082419845 639.1406249999999 466.2541015900206 477.7734379999999 566.2483972666087 477.7734379999999 Stones 0
201.2515192716819 639.1406249999999 52.49983958885423 639.1406249999998 52.503496890494716 548.964844 201.24926997472357 548.964844 Stones 0
216.0542919303407 421.78423520966425 173.6156762412429 564.2797330281575 69.09473358755349 533.1541576765107 111.53491450764704 390.66144035804723 Stones 0
198.207775427436 542.1776516461912 263.4159982685378 550.4190354102739 251.1923909728648 647.111270984165 185.984204199558 638.8700642911074 Stones 0
242.5 577.441406 366.25 577.441406 366.25 639.140625 242.5 639.140625 Stones 0