243.8251312065404 124.74797950895974 184.33419958571903 265.7640033952686 -1.433110781799769 187.3934046629933 58.05848304546089 46.37881936221356 Stones 0
138.75 0 338.75 0 338.75 175.60546899999997 138.75 175.60546899999997 Stones 0
387.7934231868858 326.74098174192784 235.47156809741864 319.66167892418264 243.63756881117297 144.0289966150649 395.95451894347207 151.10818167060458 Stones 0
299.6352231610217 352.6587589571667 229.89336988051946 380.2091899363912 159.19943725333724 201.26116787416535 228.93870021282055 173.71132260874356 Stones 0
238.28026690149272 404.05870191620227 134.76655089798442 442.22357099093534 70.02488015212293 266.6363722197063 173.53409278046456 228.47243320976304 Stones 0
271.2669661852851 441.0016434450185 249.81904329957615 474.8903064423757 173.20701527612982 426.4092493996534 194.65487635927275 392.5210810414911 Stones 0
107.43809693296498 359.89146380632167 310.0282981617056 513.656472023637 200.01893601489428 658.564039568128 -2.566493930062279 504.8044503510756 Stones 0
249.9841534326697 330.8043592601097 415.17629516587476 319.33195472851287 433.43567756804987 582.2156256728072 268.24359251935675 593.687518405796 Stones 0
410.562845813256 422.48595879838325 546.4464200988004 416.83638257073846 555.6281309827318 637.6334074400456 419.7445797765977 643.2827369851826 Stones 0
602.6264290951804 443.9923766522307 426.13463176930964 487.42543865730426 335.4482188668044 118.91650295608096 511.9265815028484 75.48516403336502 Stones 0
573.7499489455513 -0.00019025995586613822 573.7504910174175 153.45725337044422 327.49961696739774 153.45676725756897 327.5000974876457 0.00016564426570396233 Stones 0
425.0007347665087 639.1406249999999 269.99931023492536 639.1406249999999 270.00314885750413 537.890625 424.9974917149666 537.890625 Stones 0