320.586560488955 413.8383151992278 201.52231600317464 536.0405400546451 16.31785235920688 355.608082165885 135.37772072610096 233.41053254501233 Stones 0
220.03976737774792 326.8219609946123 96.69958329905057 242.81292274253548 201.03719381062547 89.63505891048122 324.37478416148224 173.64286023755574 Stones 0
363.24882413864543 355.95179369993593 253.64138255055877 265.2276196141704 385.1360851668869 106.37259930991625 494.741168151304 197.0951988615076 Stones 0
263.51285729055235 300.4344892264686 474.9037305304955 311.7184018393333 461.0143459500978 571.887277132994 249.6235112526483 560.6038428211386 Stones 0
7.769293805831694 546.1358858141941 139.80167078101658 449.9684228773381 232.29158422967885 576.926662929543 100.2618760515179 673.0910107384501 Stones 0
610.0030310805596 639.1406250000001 453.74960056578857 639.1406249999999 453.75513103084813 496.7578119999999 609.9991616402986 496.7578119999999 Stones 0
413.2771219078859 289.99535000001225 560.7040643085202 247.43895172374584 633.2462954038783 498.7211005223596 485.82008173136273 541.2758312367569 Stones 0
648.7686651463446 360.6055808188421 484.8866171953705 382.5177311774643 452.80601147293055 142.57252088463486 616.6809960244427 120.66083761454207 Stones 0
458.7498775210406 569.53100274546 458.75088756023615 639.1414521172762 322.4999336923793 639.1406123803126 322.5010560439114 569.5323219341672 Stones 0
320.0005527189205 639.1406249999999 248.74988370858773 639.1406249999999 248.75104660561192 567.9492189999999 319.9994472893741 567.9492189999999 Stones 0
367.50129766209284 639.1406249999998 248.74983489331498 639.1406249999998 248.75152262451593 566.3671880000002 367.49912704210146 566.3671880000002 Stones 0
184.8896415701165 509.0905581463721 280.3978422618093 531.444215700943 250.27347386807378 660.1222619225975 154.7655006201967 637.7692406067655 Stones 0