97.5 52.207031 255 52.207031 255 227.8125 97.5 227.8125 Stones 0
180.39442100351152 316.36756710290183 73.7462809812132 407.3685253809409 -5.60232077317778 314.38164703100017 101.04390986154613 223.38203804107732 Stones 0
262.1543252518313 545.3526537774367 71.22812338733638 496.068750797083 146.18438330981007 205.75494984766496 337.0966648641479 255.0370590513479 Stones 0
96.77365090050444 419.7628275876952 222.7055463630677 470.77956232136364 163.01387067222095 618.0953516043446 37.082834950779215 567.0801800081956 Stones 0
162.5 536.308594 302.5 536.308594 302.5 639.140625 162.5 639.140625 Stones 0
320.6833902699873 305.0274626714045 460.2420365450962 340.6976478309359 400.2131038261723 575.5267675190405 260.65495388334966 539.858011328604 Stones 0
502.4977890331502 477.7724165136147 502.5001914289169 639.1425141564705 368.7499659637979 639.1405958931545 368.7520682917966 477.77504637734467 Stones 0
594.1392383186758 452.3294305465163 425.19024605520826 506.9340223507646 359.9087589429837 304.95956160827916 528.8484604533733 250.3565864515966 Stones 0
570.1975599773868 638.8163641493462 458.92273509758525 568.7498299242772 571.8844051972701 389.3965238340694 683.1518967387819 459.45996452979585 Stones 0
255.03524503634253 241.59669320901642 260.5349446320906 67.86551195728572 475.6703091532836 74.67598874005418 470.1729349699599 248.40470794930354 Stones 0
584.6370745945751 276.5068568513557 454.23978655438987 293.9692075643661 423.9406151638832 67.70826493061006 554.3345614950522 50.24612234981711 Stones 0
376.25103932150523 639.1406249999999 281.24978611296683 639.1406249999999 281.2517693967675 558.4570309999999 376.24962585090543 558.4570309999999 Stones 0