220.92511234644917 276.8403812874843 67.98300976173778 180.51875216799397 159.55284073454095 35.1278129971002 312.4922226709168 131.44826120856447 Stones 0
256.18299506415497 292.0848728867799 215.53255826052919 359.4293164679299 54.38018251603353 262.1585911478035 95.03052288288018 194.8154797174637 Stones 0
95.63354261415952 274.30161004121123 210.56696803272644 335.357932010892 129.59177867225662 487.7695148750033 14.65933985717129 426.7146898641673 Stones 0
157.67550056931213 624.7481630753874 47.77929634663451 611.7266446507613 65.66642901751038 460.83310743537504 175.55597883081646 473.854227877001 Stones 0
160.85229727767 338.64194336260965 295.54595923647867 353.319170071939 273.930137383868 551.6615338180735 139.23654278041795 536.9847945362308 Stones 0
162.5 545.800781 353.75 545.800781 353.75 639.140625 162.5 639.140625 Stones 0
483.2808634720277 527.3223883471528 341.08863135385036 612.25668966579 237.34963178430917 438.6048364328009 379.5339333712036 353.67355829318086 Stones 0
312.9246136124857 171.55519010778028 427.03116464843333 306.78544864534734 302.0612728675769 412.225127976768 187.9573110509955 276.99730022821143 Stones 0
369.12772582800244 151.9793188157106 368.75 151.0839840000259 370.87227418676775 150.18864942721473 371.2500000536238 151.0839841270403 Stones 0
438.78176450147294 235.87515363127662 278.9925293653505 247.71120125926564 263.87056539671903 43.53774049472875 423.6564474903571 31.7018162394114 Stones 0
439.83056890720036 42.43266041196799 591.2982795518474 18.497393714898532 619.4990375081397 196.95694203293266 468.03137280898227 220.89200924255368 Stones 0
506.4924599714868 465.6361891149842 359.5124443373061 432.45838027251074 414.5406504093262 188.72040300062707 561.5123702172423 221.89726235288563 Stones 0
533.75 242.05078100000003 640 242.05078100000003 640 463.5351559999999 533.75 463.5351559999999 Stones 0
447.07870334445033 450.14003099301965 552.3127535913954 411.0191737415927 627.9628158067499 614.4791661795911 522.7296915130137 653.5983490766052 Stones 0
510.0001627564052 639.1406249999999 369.99984968184435 639.1406249999999 370.0041787371447 525.2343749999998 509.9975587166409 525.2343749999999 Stones 0