115.88767216002452 254.6634534740117 110.94577622898214 82.79556580234791 269.63098194115446 78.23275759263149 274.5745441954932 250.09898709745926 Stones 0
238.30900331769953 268.23179410629166 204.00656003963377 348.11383637000694 42.34715954917192 278.69699346145876 76.65008967269387 198.81632164701475 Stones 0
194.73296645148366 485.36535604520463 86.96341364760883 511.56246625656377 47.160466798450216 347.8325868044125 154.92465528492176 321.63615581555695 Stones 0
166.31506543591968 494.1374227657238 182.41246986370243 621.2751007100475 58.04856217633642 637.0138646927201 41.95482790506503 509.8794809826936 Stones 0
173.26180284864677 488.62666154877024 362.3890724706871 504.77772227174364 349.5794549000857 654.7426978872717 160.45224979097839 638.5921513036295 Stones 0
168.16719937130983 323.09490491028146 290.6181700903835 311.8788075116139 307.5638023990905 496.86110703333105 185.11287798784906 508.0768853013877 Stones 0
335.39364245618344 394.6141798279569 212.44084423291497 317.92463432709565 308.60124951235775 163.76794306276167 431.55054519855184 240.4560607663608 Stones 0
286.2500588904368 140.800781 184.99982138862833 140.800781 185.00017459657101 1.5820309999999826 286.2497014876135 1.5820310000000144 Stones 0
359.99999978608685 -0.000034278254699485975 360.0000755741348 83.84767913223769 259.99995368496457 83.84762980143557 260.0000010611984 4.841124825099364e-7 Stones 0
595.000448022256 194.58984400000006 437.49935341526 194.58984400000006 437.5005596453411 18.984374999999996 594.9991890286765 18.98437500000001 Stones 0
431.8218731426896 194.07135753264012 283.1510394610086 189.2273271636375 289.4434865035146 -3.866936776449019 438.11239933063916 0.977063467691093 Stones 0
524.0044674425735 449.3747639527248 374.1374703531619 432.9297444259543 401.38753245388216 184.65108467052107 551.2463780083635 201.09567467480565 Stones 0
523.75 234.140625 640 234.140625 640 425.5664059999999 523.75 425.5664059999999 Stones 0
487.92804924654774 519.6643651014247 346.5879662342195 598.4827684515539 247.85174701799406 421.4467899692178 389.1838084346091 342.63116676405014 Stones 0
575.1532987596875 637.6739009789225 466.371983429126 642.6554968739608 455.91524060364463 414.2343686876553 564.6865443291608 409.25300681531354 Stones 0
498.7502663115447 639.1406249999999 371.24969253869494 639.1406249999999 371.252111189533 545.800781 498.74740956955065 545.800781 Stones 0