262.8296143162879 59.44093419561062 526.7822539922781 80.649268963173 490.803277056184 528.410840753849 226.85061391224735 507.2035481691617 Stones 0
478.75 204.08203100000003 640 204.08203100000003 640 480.9375 478.75 480.9375 Stones 0
511.9079963880358 462.033701079632 592.9152804124169 582.0146293524786 436.27622659521876 687.7408161715783 355.27427685454313 567.7646030806844 Stones 0
402.5012547037477 639.1406249999999 152.49740555380413 639.1406249999999 152.50424252531957 461.9531249999999 402.4900129446178 461.9531249999999 Stones 0
55.69344390270999 424.2384605141265 149.5684383805201 414.35032125167174 161.88965970526624 531.3058962034861 68.01469985352014 541.1938290883215 Stones 0
252.70445477341127 377.04148027170226 269.6446075927088 445.0670161687601 158.21146056558064 472.8113523697375 141.27273656529724 404.78704696835973 Stones 0
138.87147616209404 416.4829741006674 83.43336888770864 263.18347061595426 242.31890379232937 205.73004729891687 297.7583211898309 359.0263408534117 Stones 0
79.70354791039426 334.5031546560433 19.162721254106145 304.69466726451554 65.70241552442894 210.17969720293274 126.24216004966001 239.98786774946834 Stones 0
31.88098773105594 167.1445600326629 61.628634415974375 133.69734758016978 154.65773915966565 216.4346087852459 124.91040806271485 249.88152236831007 Stones 0
251.93517361614795 243.74773025265915 123.1175164700835 252.2293116214797 113.09195091875154 99.94453344023184 241.90706749977835 91.46303667676506 Stones 0
112.35140345990658 80.53289288961386 132.39014125392714 -9.591728251506296 266.1000206785684 20.137914087170632 246.06154627421347 110.26230654371301 Stones 0
383.5752823638177 117.6210201545934 247.86790953337913 109.49788071660166 254.89536174514797 -7.900023932333343 390.6021475292073 0.22309921213224798 Stones 0
514.5280859375634 160.75220692647355 397.2070893034834 179.29164695243415 369.83155720889044 6.05128405892835 487.15124987851596 -12.48804875618622 Stones 0
490.8293411826162 5.085735236666556 589.9718029346695 -8.90242335009639 621.9018485457491 217.4033159276869 522.7594278167089 231.39132781543324 Stones 0