98.32312932827335 226.47292605197725 25.673302464856533 187.19857053347346 77.44347786421713 91.43688481890044 150.0924527184543 130.71094767211943 Stones 0
31.855594690568978 416.16666323119773 124.7484814208292 398.89969395494165 146.81371485399723 517.5887405261956 53.92093605019909 534.8553473790888 Stones 0
75.12069445227098 287.3158965877757 113.88145122757123 334.491429953961 30.09607266038074 403.32502386028153 -8.66397886617051 356.15014748324927 Stones 0
85.1218285709183 356.0644952254885 94.77384657933726 176.90533652902326 225.95367189365788 183.97303801622567 216.30420867768407 363.1295970624769 Stones 0
149.04960589192342 462.74395170599075 94.17520999384578 387.3473408857034 182.74401647264312 322.89374563466833 237.61800505737483 398.28917243106423 Stones 0
327.5027915834653 639.1406249999999 93.74870711828407 639.1406250000001 93.75919749763852 414.49218800000006 327.492221143184 414.49218800000006 Stones 0
594.9989923593239 435.0567860260898 595.0042293137085 639.1441091412883 329.998056251643 639.1387493490374 330.0036098403507 435.0622856958268 Stones 0
450.70240586137515 440.0480835463196 482.5887169665657 233.51527743746598 625.3480510883674 255.55466977693615 593.4660349856131 462.0836466656747 Stones 0
400.4452402021707 546.9484046508344 135.28848384827143 443.2825411431307 286.9774280184356 55.36063625435542 552.112291161975 159.02170213482384 Stones 0
299.7137937075604 224.28522305105676 173.84743167713168 275.8510018815805 101.55622947691882 99.39680606702467 227.42009095869435 47.831595852715516 Stones 0
133.75 0 267.5 0 267.5 66.445312 133.75 66.445312 Stones 0
382.7344685767457 120.01137928680103 250.1397768172319 94.66475703648997 272.90324581401364 -24.41517171193229 405.49730695434846 0.9313855313181467 Stones 0
347.21806443078094 104.64330852998457 434.8766090095887 -25.959465018615816 605.6294762176549 88.6472094012793 517.972133213043 219.2489442680225 Stones 0
633.9883794541674 149.48986763274414 681.6340888020932 274.96984971384114 586.1731045783381 311.2144653620947 538.5286751870444 185.73556157295556 Stones 0
679.4601178781159 277.02591376265514 582.9283621695504 311.1234318953315 487.8888703402481 42.06533379851409 584.4174635066884 7.968446013514106 Stones 0