3.3119841146981344 55.607627637609205 127.21235374097887 -42.288306328229496 220.95743898520595 76.35895025965509 97.0576097562298 174.2544069378496 Stones 0
0 121.816406 115 121.816406 115 313.242188 0 313.242188 Stones 0
19.264011356135597 428.2285409523778 70.27808277722215 264.34573643110843 243.56368899840163 318.28221633400517 192.5544676266145 482.16088274154333 Stones 0
258.2105984566442 530.2941212515673 177.46832214244932 665.5225111145103 4.5052149402181385 562.2671819825238 85.24728029638936 427.04424394196576 Stones 0
219.6913149816828 434.5532676506628 526.4596777360566 446.0927550743712 518.7798661892884 650.214591363436 212.01154566268087 638.6755755124268 Stones 0
320.7130892096757 210.2973530860835 476.17140057860524 333.1188661305637 335.9589132716792 510.56871118150445 180.50388098992698 387.75092970963203 Stones 0
351.60726890564547 218.7270207675364 205.11941699805902 294.09417238450965 80.9957971687254 52.84112584655689 227.48016985337017 -22.52493598301427 Stones 0
100.90509425055643 199.41382205861086 173.3903959120653 146.8526520523419 293.6669870487094 312.71554000783374 221.1826099165046 365.2756521187112 Stones 0
362.4444283649791 -10.248519135371442 513.957959558029 19.291215176454347 473.49639162079256 226.82293605779068 321.98290621665365 197.28344893524883 Stones 0
349.69713320504525 140.1909025744857 245.94779467915941 141.8638510540806 243.6618938257743 0.07196744718685322 347.41039540625934 -1.6009739145114374 Stones 0
476.1947469363804 72.85529509681906 510.7334362121037 -16.810417451934907 656.7961257347633 39.451987566958515 622.257802753229 129.11737871898686 Stones 0
433.8700169343065 158.0512581213226 617.0927595344256 163.4126541725517 608.149308784923 469.03150005138974 424.926571689648 463.6702977677951 Stones 0
628.089249437835 374.9680098841127 700.1534447606537 465.53855595139 601.8043818037404 543.7771601657582 529.7422447773715 453.2085317282466 Stones 0
640.003757591403 639.1406249999999 462.4988435149862 639.1406249999999 462.5033443459688 525.2343749999999 639.9993584751792 525.234375 Stones 0