285.87018709535187 241.1384302742246 178.94298579107272 395.7618931120352 -21.911033686701558 256.8677614318772 85.01524706894998 102.24772741935061 Stones 0
149.20908191023045 466.30362738434656 160.86643461421772 239.3803991555559 502.0733572775498 256.9053911129184 490.42705399988336 483.8178388155335 Stones 0
157.50280768843368 113.11685739492816 259.9514424389781 19.71942819217865 421.79138813087775 197.2414759369538 319.3439423756354 290.63761948281973 Stones 0
351.24999706422386 -0.00005562963913050684 351.2500575521699 91.7578326472834 276.24994527293893 91.75777461061658 276.25000737381924 0.000020133750760343035 Stones 0
305.96495157173194 68.70346587791266 374.686129515685 20.32961336422444 468.77967541702674 154.0006546160548 400.0587704683858 202.37417943626446 Stones 0
511.91390228210366 168.66246175453708 393.6155939891614 147.8914029643194 423.0913840780704 -19.97845065231457 541.3885531338747 0.7925023430349148 Stones 0
498.06838027019694 181.24557358246165 556.2381392337556 -4.7784589211985455 697.6646151114255 39.44574337306352 639.4961791490641 225.46863859832584 Stones 0
436.882876358286 279.98962474757496 440 280.8105469999997 438.90428084014275 284.9708554478052 435.7871573395096 284.14993356634494 Stones 0
568.3970783564291 230.8482925778985 487.9099721214152 335.77691907295605 372.7309355525358 247.42942901476255 453.2174342546932 142.50213053095527 Stones 0
501.25 211.992188 640 211.992188 640 495.1757809999999 501.25 495.1757809999999 Stones 0
640.0013218323147 639.1406249999999 496.24973627716827 639.1406249999999 496.25547938543605 484.10156200000006 639.9978675143939 484.10156200000006 Stones 0
567.731143564306 559.4712184059699 444.75064068625215 646.2599969464557 360.15288577778847 526.4063311288808 483.128057678623 439.62023164131597 Stones 0
316.25 469.8632809999999 428.75 469.8632809999999 428.75 586.933594 316.25 586.933594 Stones 0
111.24828090272786 639.1405596426287 111.25551370299945 469.8603999064302 321.25004947403795 469.86884395992456 321.2501595510548 639.141596329815 Stones 0