119.352068895314 371.4048601894229 -31.333592027949635 212.66298184221574 169.0830216382892 22.426118724563363 319.76599584071664 181.16481465837566 Stones 0
383.2212818951666 216.09287954117815 482.61039927885577 400.15769285100197 161.73086172355397 573.3890003410785 62.35293832149182 389.33377298610753 Stones 0
393.7479907231318 510.9947169802505 393.75117012539704 639.14388920859 148.7498365369538 639.1406153677417 148.7533577880822 510.9982080971247 Stones 0
522.2315771454305 627.4315016585207 411.817277855298 639.1728700073401 392.008138068486 452.8980234757346 502.4140961508965 441.15710611936214 Stones 0
506.57907800297835 455.1684664995312 633.535199819089 448.9002871330417 642.8451052148739 637.4264589620709 515.8890089125634 643.6944010013411 Stones 0
584.2595436103875 163.64819772438608 717.7846402848809 277.2574127666973 527.4731206553406 500.9087895006252 393.95165981673927 387.3036007796256 Stones 0
435.29777056959574 146.27535118325403 528.6436225677608 231.7603567003512 445.68056475800404 322.3479536226689 352.33560551198025 236.8638520024943 Stones 0
217.13820016819227 54.52897085948253 284.1382515423902 28.69056101496882 361.13917360235064 228.35493662229788 294.1392724629259 254.19305351650823 Stones 0
293.3378440624074 76.44406370034267 383.2892616467143 43.48340535648604 439.0989701709623 195.78964960109028 349.14769649054506 228.75002738138974 Stones 0
316.25 0 462.5 0 462.5 129.726562 316.25 129.726562 Stones 0
640.4318123988196 207.734852030395 464.85410111868987 225.9014808831376 442.99812503355497 14.658070485357925 618.5728856187052 -3.5084071177276495 Stones 0
297.47297118388815 505.55090800742107 344.30267083691433 437.53251873864724 435.225304727428 500.12076311163435 388.39719325551414 568.1377409555848 Stones 0