30.042936089230352 146.73354493614704 108.135226985396 38.340420206542476 240.25981683233113 133.52928437690684 162.1684841595561 241.92154124846041 Stones 0
149.46510998161102 238.90781323140996 118.30391345982207 362.01392550286937 -13.66491072163626 328.6096703835435 17.49741089210147 205.5052994073674 Stones 0
142.36764654058788 309.885589350835 175.5222407670226 339.7342163901681 124.69412572703732 396.1864366087169 91.53981351635593 366.3381058345683 Stones 0
201.0663353534619 368.1101109580115 247.12553665565792 562.1577908806031 83.55214113929833 600.9703156408419 37.4996438981907 406.92834278872004 Stones 0
211.96251784880587 318.0873100878977 148.77055349075818 329.18217217202437 128.59593502653297 214.27792595056872 191.78647594577342 203.1831915187463 Stones 0
284.69118916109437 326.2671517816861 190.88489510475483 315.6792923090649 211.46568589691014 133.35785127708587 305.26920682095806 143.94555806382863 Stones 0
238.1654203315702 304.2899544299674 318.05230124038644 339.3533411188571 258.13949603936635 475.840711809347 178.25305806807592 440.7780808859763 Stones 0
225.38182281612535 441.68142979686456 346.0087253285019 485.4632667222479 275.276707117373 680.2985966547483 154.65079535184486 636.5186488763761 Stones 0
336.41307047546434 439.55779423457585 457.1490883961087 458.6327312849321 427.30570764622826 647.4895583366915 306.5698467607581 628.4153520377093 Stones 0
284.66457878792426 460.64888565589706 274.460578449507 272.4435845007962 502.0968020502187 260.10275871623026 512.3062836586178 448.30207083242675 Stones 0
291.5322954291332 280.27336148338645 305.4590302384895 93.23344590006354 477.1958922983322 106.02114269159749 463.2717018007679 293.0584410416452 Stones 0
331.8003939251503 81.42700137333776 278.5431494964723 165.58673263676303 154.07209601420618 86.82001893602552 207.32927033139276 2.6606773895409175 Stones 0
388.0887691265525 87.2074992359238 494.4533917189983 1.3000395165355851 580.6416764258756 108.01213072625157 474.27744697008166 193.91915691464368 Stones 0
602.3744776041713 423.8488122733355 488.27022590216075 439.6251012851497 451.96569154039025 177.042262757802 566.0634486783965 161.2664208387588 Stones 0
540.0001248400076 639.1406249999999 381.24984668771503 639.1406250000001 381.2531581710937 553.7109380000002 539.9974283463962 553.7109380000002 Stones 0
455 428.7304690000001 622.5 428.7304690000001 622.5 639.140625 455 639.140625 Stones 0