153.7009273978765 240.2492313876847 139.5627658691228 324.03168000100214 3.0381534558546264 300.9931031592391 17.177246529317927 217.21180083673005 Stones 0
207.1781506705156 609.3973048856516 61.7473315193638 622.5275576171604 33.58631805109326 310.59686734463145 179.00158093339996 297.46732367560037 Stones 0
266.1505235248478 467.4523523103055 370.19421270400926 531.0299568239025 266.7954591056332 700.1972659292454 162.7539012559282 636.6223812592015 Stones 0
481.23342559556477 602.1316200245157 346.44611157127656 643.8871783527175 295.9623541144538 480.946575067926 430.74090819165576 439.1924817022418 Stones 0
367.51730248637614 529.1432796295361 214.46000060546794 481.50844390616953 295.1930290508608 222.15280121319554 448.23904757278797 269.7857115900994 Stones 0
294.90811399024096 365.8184048223867 201.01195889998053 373.05602494097525 187.40185391929117 196.47629464955065 281.2946945394651 189.23879903672938 Stones 0
250.00066968037572 234.14062500000006 88.74942025904602 234.14062500000006 88.75055627817346 80.68359399999999 249.99893745065492 80.68359399999993 Stones 0
131.85594835798838 230.80753888110627 195.1566501588968 223.6628732600268 210.18142760403862 356.7727323974214 146.88074311925448 363.9172942010512 Stones 0
235.20883103265078 135.05127410438922 387.17590064319666 71.96452906920514 454.62640653946437 234.44084510026022 302.65976937538653 297.5268363272437 Stones 0
236.3336731657182 141.48114557178098 186.94361843910883 28.910266385469306 320.8761984189914 -29.85198929769242 370.2663451893022 82.71850873935621 Stones 0
541.2502899061656 186.67968800000006 421.2495777042932 186.67968800000006 421.25032156262023 34.80468799999998 541.2495274163666 34.80468800000003 Stones 0
624.51376243298 346.68039460794154 524.2666100432689 418.4586384321778 393.8890820636152 236.37975884211826 494.1327669021848 164.60329993877917 Stones 0
622.0281007715676 402.59259468616665 541.4030176649248 617.5766618443346 375.8611481512344 555.4984630784866 456.4891418674233 340.52077020435297 Stones 0