210.99047971889377 257.74491968212476 60.55834733619122 263.1474692901999 54.69264217055752 99.78044147047626 205.12142828083597 94.37795299436543 Stones 0
348.58989394029777 81.42416305671762 243.95349460537545 214.97664287991893 144.39166348522122 136.9714464237051 249.02772598637966 3.4195981929846027 Stones 0
278.9968553081417 132.7726070329651 439.8264780248428 78.92916668166109 496.52421881546616 248.28164676864904 335.69489969391725 302.124411455989 Stones 0
512.7512855209352 182.40679652829465 416.5551257678453 106.40065096688163 502.57171590812504 -2.463637712604642 598.7672608398134 73.54211969778771 Stones 0
445.54228745437285 181.6220771893628 544.3276902760408 139.5009877494619 631.8080196413212 344.65776187477593 533.0231764668133 386.77790609833374 Stones 0
264.64119489355653 433.9992525274642 322.58585577408667 266.16563467541164 552.8035507121967 345.64047894582586 494.8657861252286 513.4682887236223 Stones 0
356.5310158984357 325.46972691996694 267.8689023188781 365.80201022375115 194.22974395500205 203.92851305638447 282.88907503694645 163.59698023256504 Stones 0
265.77572038266226 355.2180158181934 201.0666725824558 385.89262774126036 145.0106853163743 267.6488271589351 209.71800531144254 236.9747070220242 Stones 0
103.59318391921988 276.05273039144043 165.31767560714798 273.00482778392995 168.68102351407288 341.1130043194391 106.95653408271028 344.1608829944778 Stones 0
58.645690179328085 232.29290225367043 151.30592062982032 271.18409127428544 85.47063712205272 428.02740834229775 -7.189133190258872 389.13703101943645 Stones 0
37.66641961301502 450.37991563779633 161.39150745322695 322.8971582569636 303.0426096555311 460.35660726322254 179.3218756510032 587.8351274755498 Stones 0
223.75 325.89843799999994 276.25 325.89843799999994 276.25 447.7148440000001 223.75 447.7148440000001 Stones 0
256.33128293840855 429.91646100436174 375.04830003927054 484.21136588608636 282.1513239340129 687.2868283004054 163.43587836126972 632.9944134880473 Stones 0
460.98174274302437 656.7873364206027 325.5902545214485 637.5360423980001 349.07608301073196 472.43510631258124 484.4584294089873 491.6857500163423 Stones 0
477.48052994764294 613.270149278841 470.4333456118911 376.37549955317934 634.974153510193 371.48344446288013 642.0283224534069 608.3706534180199 Stones 0
577.4997308330057 607.4997107459947 577.5001633373904 639.1406245216742 469.99999090658093 639.1406826726335 470.0003463770554 607.5005678397981 Stones 0