187.79920019456767 98.97629893549735 174.14843785190897 253.58337872624497 23.243164122250164 240.25829360509692 36.89527011018072 85.65263753506144 Stones 0
308.9912176444341 233.00322341401392 212.65286686139007 264.8905512171749 130.71724826957507 17.34678289362133 227.05326200957643 -14.540110063118604 Stones 0
89.39567035762593 85.36428858055645 103.56676800991409 -0.4774653497044129 183.78682905691676 12.765590304818753 169.61588309888612 98.6072002683858 Stones 0
143.83500162199198 208.60453948875428 274.79903263731103 355.64039902396894 131.0514917177352 483.66051571082096 0.09119475398620125 336.62822519825505 Stones 0
16.25 411.328125 232.5 411.328125 232.5 528.398438 16.25 528.398438 Stones 0
208.75044955333578 639.1406249999999 44.99891316489084 639.1406249999999 45.00260422290012 496.7578119999999 208.7442251508037 496.75781200000006 Stones 0
467.49578151779133 515.740167590776 467.50047259629355 639.1413022407233 199.9986550633912 639.1405029095024 200.00106228413642 515.7465075841407 Stones 0
496.4305165308906 286.87497339029164 571.3135688456532 455.232238792389 265.0254899484571 591.4322985820455 190.15333635215939 423.0843218656011 Stones 0
233.55574613582576 405.271505748747 175.2939427315141 288.50379543766815 393.0484618531045 179.86044353151587 451.31086404850066 296.62508614284803 Stones 0
336.3988049659383 247.39929945526342 208.65037258256052 146.46238374583953 337.512470911679 -16.626304553544117 465.25986544045736 84.30998895153714 Stones 0
358.749999775755 -0.000041986484908633145 358.7500627274858 71.1914304734296 232.49994853489625 71.19137840075477 232.50000102394552 0.0000015845581547688044 Stones 0
548.8724114833167 54.05809719260708 481.49248533714854 136.87343730703384 343.2651961465308 24.4092625891151 410.64482500369195 -58.40569448587398 Stones 0
363.8757227639144 203.9057533095022 470.19004936810234 81.91050342073234 617.4634882531245 210.25157673798157 511.15118426481786 332.24494662933796 Stones 0
637.5014951815683 442.96875 521.2487040959968 442.96875 521.2514310931874 251.54296899999997 637.4983488406724 251.54296900000003 Stones 0
465.8063560842129 640.4928486803444 461.3737353769102 468.7763553930446 637.4213269273605 464.23409100889955 641.8600409527426 635.9440801100321 Stones 0