0 26.894531 118.75 26.894531 118.75 223.06640600000003 0 223.06640600000003 Stones 0
66.56202482787194 19.744443701513212 120.65011867547582 -30.7619372871958 182.1180487130914 35.065071244370266 128.03000545231043 85.57140032506996 Stones 0
279.73654620604066 241.37184100227617 170.3646026448405 261.0117354944808 125.24121162910888 9.720903893213086 234.61046724609332 -9.918737715283765 Stones 0
427.5484070375387 6.00574116837733 414.368065811359 183.05001684674252 263.9968124423467 171.854705577615 277.17798370096716 -5.18847125992564 Stones 0
383.72595771536 1.3331725248840205 510.3026032644266 -37.02711673867728 548.8402336648141 90.13468474760428 422.2636001228966 128.49489133820285 Stones 0
375.12391313008266 222.32718028548226 434.43000387385837 81.75937295918716 598.428799596295 150.9502215980037 539.1248955999617 291.51612012716845 Stones 0
635.8780209663382 445.9425014429408 517.5614479213255 440.7494606647779 525.9676160971867 249.30853281044415 644.2780783255148 254.5014355707898 Stones 0
276.99198969792633 559.6462049172135 195.04732500317914 405.88814609103 490.8705438787001 248.24841175721235 572.8158271005668 401.99858433829155 Stones 0
224.23393444929388 410.9932375143337 154.4624516335898 299.19356050948227 367.0947185644036 166.50223568915027 436.86615488200914 278.2992133593168 Stones 0
65.61522909374617 418.25368335328665 5.136617367970757 254.42445733148537 179.0863532100775 190.21421012984143 239.5664348914579 354.03996394273855 Stones 0
176.99178790782753 377.3233015266317 205.86545117861533 474.2584618982461 40.739025072107324 523.4321137492713 11.868581346279825 426.49965847531746 Stones 0
192.616914478931 373.00944669265436 234.892343644824 514.5390414808335 54.24930727465835 568.4831393730547 11.979276833153563 426.9581056084895 Stones 0
267.4990652577253 531.5603874009257 267.5022395850101 639.1407316188306 106.24995419966581 639.1406237556484 106.25052890798543 531.5640038284967 Stones 0
460.0005312488065 639.1406249999999 257.4995926407428 639.1406249999999 257.5056088348356 487.26562499999994 459.9937314757699 487.26562499999994 Stones 0
619.9986265571351 465.1163270802758 620.0018996303697 639.1414108590897 442.49894061518717 639.13914198629 442.5020548822067 465.12063827880786 Stones 0
619.9985616124468 465.1163267332219 620.0019182786491 639.1413894057807 443.74892678395554 639.1391553633492 443.7519135596085 465.1206073404635 Stones 0