249.64550746219174 40.40252165752833 205.1928232028149 237.0941046193656 27.810660945106065 197.0044972378496 72.26440439022554 0.31429126494466547 Stones 0
287.9495699491963 283.6208137729512 198.31056843293482 452.68588057509044 -0.5822469239501515 347.23586407150344 89.05729588943359 178.1751284813348 Stones 0
123.02430412586546 372.63095754701004 180.75696431253164 463.8483100074819 71.72331786954601 532.8442764133682 13.992901067686034 441.62889187686596 Stones 0
240.0010712225776 639.1406249999999 48.7479143350356 639.1406249999998 48.753589977059164 507.8320309999999 239.99599068265525 507.8320309999999 Stones 0
377.44796905295516 516.6866441850468 277.61817372986116 654.1969453883532 130.8730614689557 547.6802822452587 230.70109148029587 410.1749000562854 Stones 0
135.5048953078949 372.29471845186794 209.56153814324352 363.9368334403167 224.77578135316435 498.7280868923897 150.71916906737897 507.08578815189554 Stones 0
575.0006490635133 639.1406250000001 323.7477713103726 639.1406250000001 323.7539947184996 522.0703119999998 574.9942451217066 522.0703119999998 Stones 0
513.5601566104015 421.2391505797813 461.57059012730315 541.8981576876099 280.5293194970727 463.8983079445537 332.5201825825934 343.2431378683955 Stones 0
290.308842468512 327.9975812548835 339.3485968019377 395.2875917026106 250.96699756977614 459.68980615116914 201.928398308155 392.400838243663 Stones 0
334.7983237377048 371.78974241145596 241.65467694700055 321.19723140688615 283.1818934016337 244.7509686397278 376.3240010854497 295.34295658645175 Stones 0
468.3561066979746 220.18794263646026 521.5655910140049 351.55876629292555 397.39404667299823 401.84633904954063 344.1869474050327 270.47753092517587 Stones 0
607.7362713201728 499.86593705090314 496.58286744779616 534.9916224206994 431.86636268852453 330.21743357937896 543.0130047316197 295.0928899454287 Stones 0
608.1250004676986 579.0234383694685 605.8160855242022 577.1995610934632 608.6053625547356 573.6693852635527 610.9142746162252 575.4932607816623 Stones 0
560 474.609375 640 474.609375 640 639.140625 560 639.140625 Stones 0
545 166.11328100000003 640 166.11328100000003 640 406.5820309999999 545 406.5820309999999 Stones 0
466.5157498582994 283.9251974874713 488.6564824468951 234.9457258018192 557.4061109843751 266.0217477862177 535.2658198702557 315.00084615430154 Stones 0
473.40048759600904 7.863276917321977 626.4952819061727 58.264248911160735 559.5026679609146 261.7540388358042 406.4081276818615 211.35361455986612 Stones 0
418.7498002433131 110.7418704733198 418.7512098898151 273.6917045450626 189.99914483785687 273.69053229093146 190.00040069033275 110.74340499420225 Stones 0
428.74999744926754 -0.0002645860211318602 428.7501949864236 110.74226118528584 229.99974458303768 110.74199906835275 230.00000334104698 0.000008577265954568961 Stones 0