210.87424700323027 197.2947976767641 118.9621881779749 54.741838075479905 252.4654606627155 -31.334779693626693 344.37743936992774 111.21753705090482 Stones 0
321.3889257475239 243.52617016349822 253.69146177872608 398.6451991284191 27.000595559511567 299.71340802966785 94.69931053332402 144.59807380400156 Stones 0
378.2229470875609 217.57285214191847 269.41492606281827 278.74379854732075 215.05540604441194 182.05315199883898 323.8620097576495 120.88270226701376 Stones 0
328.75 0 492.5 0 492.5 208.828125 328.75 208.828125 Stones 0
542.9667029908887 47.67097597272724 676.1497096311359 147.63849540006757 538.1726775732386 331.4538842941296 404.9910416462808 231.4879799012702 Stones 0
433.0906551126827 183.3947775019826 499.52328705963737 302.36521620719617 392.01957799188676 362.38983093719725 325.58863584206847 243.42084723166025 Stones 0
291.25 317.988281 408.75 317.988281 408.75 548.964844 291.25 548.964844 Stones 0
235.82144581414468 527.3289757883327 150.63064232395845 479.1656989874434 297.7903756205342 218.909447508256 382.9751706598472 267.0705453840815 Stones 0
168.23329444690899 532.6815246271212 78.01872798307159 514.4850158256498 106.86981562517758 371.4797018534881 197.08008719950158 389.6757647610849 Stones 0
338.7518148622621 639.1406250000001 187.49848103405384 639.1406250000001 187.50251493882388 510.99609399999997 338.7476739734848 510.9960939999999 Stones 0
381.1617029718036 631.2457467520401 319.30483077667304 555.2344323241548 436.99224012765626 459.48509435511875 498.8477994283312 535.4940341877416 Stones 0
558.4374780906364 523.8815995597682 450.0216791382263 545.8732441915224 396.9173692547338 284.0900516556186 505.32475538791914 262.09928389161433 Stones 0
511.25 234.140625 640 234.140625 640 504.6679690000001 511.25 504.6679690000001 Stones 0
539.8217805795866 478.5486761375344 618.1466916833597 557.2208114587044 461.89065513710375 712.7435789540104 383.5695800609392 634.075227857371 Stones 0