244.15889393232646 325.9896126563432 66.35609623866912 391.8395847028797 -24.06349601347756 147.69947756107817 153.731265759925 81.85123291362777 Stones 0
0 0 106.25 0 106.25 112.324219 0 112.324219 Stones 0
153.75 0 383.75 0 383.75 223.06640600000003 153.75 223.06640600000003 Stones 0
738.2351997865044 316.29381710604366 523.5035048640566 491.1743914857577 271.0390693874069 181.18710023606246 485.762299102571 6.312064072842153 Stones 0
329.8049451418774 220.16158791952577 380.5992415329092 380.6849398177876 277.87021974945674 413.18701656115934 227.07826823418145 252.66563214958975 Stones 0
238.14760757006297 359.3807434266747 505.76728221407393 415.87728861797495 447.24311350080825 693.0492228596786 179.62447514975793 636.5557606232974 Stones 0
58.172449273915845 571.2511960230238 -17.705937412247295 486.57599163450084 178.49004762196273 310.79147020851616 254.36550110702228 395.4628374562242 Stones 0
-0.3303523419162957 541.2007600534813 184.88350230916694 539.3945571712837 185.85323174695077 638.8092768595582 0.6393751454743324 640.615440479784 Stones 0
640.0011136370449 639.1406249999999 451.2496914366784 639.1406249999999 451.25887935224455 427.14843800000006 639.9950229506794 427.14843800000006 Stones 0
538.189994959248 462.3247236727281 493.0155477849621 524.8969023926187 395.8105645577598 454.7289942446382 440.98455341067165 392.1581284940712 Stones 0
446.275401144012 401.6715705250004 406.9275867848046 425.65255608764596 355.15732369247417 340.71664053728966 394.50429245989653 316.73599230020136 Stones 0
372.5 0 545 0 545 77.519531 372.5 77.519531 Stones 0