96.4016510129295 213.1652070984029 -34.95857481313578 172.46348378014477 8.928905911452603 30.826118108003804 140.28757491490978 71.52759112737678 Stones 0
26.25 0 131.25 0 131.25 72.773438 26.25 72.773438 Stones 0
258.7499960959394 -0.000049912503253708216 258.75005255889846 72.77345032019731 131.249936638269 72.77338235970053 131.25000180611096 0.00000642857211225125 Stones 0
101.08677237454685 199.23152651780143 261.2172561944317 -56.05406453995286 482.8203577214299 82.94917265610779 322.6942269222491 338.2309038616691 Stones 0
282.42624334154243 -51.849657188383944 495.5505767870636 108.32674819317573 262.3915663464868 418.5471299333114 49.27105127921095 258.3751135931359 Stones 0
156.25108046668174 397.0898440000001 -0.002002087567234412 397.08984400000014 0.0009148439130512998 223.06640600000003 156.24763554980746 223.0664060000001 Stones 0
69.134568 528.123437 70.781481 528.123437 70.781481 530.207813 69.134568 530.207813 Stones 0
0 390.7617190000001 127.5 390.7617190000001 127.5 635.976562 0 635.976562 Stones 0
364.2867219346226 304.6340105814513 383.74967998279317 398.80021217592906 168.4054751642543 443.3000634961219 148.94584621833928 349.1368144758841 Stones 0
398.73330608112155 394.24121294019164 417.2338402360765 635.1810795889096 88.07981726742582 660.4329528414127 69.59596164721006 419.5092222299922 Stones 0
607.1015146560239 411.474099408694 650.0517176785797 577.1787834534532 439.4300441217638 631.7512471036862 396.4879252179526 466.05346678751573 Stones 0
371.25 68.027344 640 68.027344 640 454.0429690000001 371.25 454.0429690000001 Stones 0
370 0 585 0 585 75.9375 370 75.9375 Stones 0