0 28.476562 237.5 28.476562 237.5 545.800781 0 545.800781 Stones 0
248.82453437872755 244.95813552370535 59.039464208544814 220.28246806695577 90.14770827474422 -18.9582269401419 279.9288718230673 5.717179142126817 Stones 0
193.92670098750386 289.26613015852786 267.566275642821 154.29306264398446 498.0665866426716 280.04497519475814 424.4313573897671 415.0143242561687 Stones 0
244.60723998585308 139.37510482814366 351.17945032841817 -18.505160946644384 546.2418709840858 113.16512574198798 439.6715766024863 271.043663858987 Stones 0
599.9999729315459 -0.0002258259105996156 600.0001590145257 121.81642491376644 409.99969665528624 121.81609273644264 410.0000031195668 0.000004453029813666822 Stones 0
584.8040043663786 369.90184673727913 464.09863725340983 371.6357944772071 461.0994533903431 162.65326002223705 581.7999719546788 160.91934639773356 Stones 0
406.73308049998013 402.06161309966046 546.3583061050304 335.88000064503007 616.1260364261398 483.0532286677823 476.50193827917974 549.2330781529362 Stones 0
338.53429428243544 422.05592241360307 404.60213413294696 388.9072150947526 484.7596786255599 548.6419743177146 418.6925314380642 581.7896181703601 Stones 0
419.252627262249 585.0594673838143 238.50863770414435 693.5713221637104 107.36883532204956 475.1665284349091 288.0985856078041 366.6601400898936 Stones 0
200.0001759332372 639.1406249999999 64.99866792335524 639.1406249999999 65.00128837753437 544.21875 199.99715999547334 544.21875 Stones 0
494.9988216407655 571.112671007176 495.00004396271834 639.1411815632248 373.74997681516106 639.1406153353988 373.7506119518366 571.1139494846724 Stones 0