0 0 102.5 0 102.5 300.585938 0 300.585938 Stones 0
76.25 0 273.75 0 273.75 242.05078100000003 76.25 242.05078100000003 Stones 0
206.684758178817 585.4688750499254 -24.840388490774785 482.288653072844 101.83178529587167 198.11057747837836 333.3379149571556 301.2858321085945 Stones 0
243.75109976237582 639.1406249999999 69.99843576042622 639.1406249999999 70.00168689344719 555.2929689999999 243.74794913041114 555.2929689999999 Stones 0
160.16927330754697 523.0734277936544 321.02781311725266 396.00756015183424 488.04628757621686 607.4038792457541 327.193924299645 734.4627856629756 Stones 0
367.2774843928346 452.8101750081462 442.8085348564491 400.8432943704094 549.8372764665692 556.3770138564969 474.3077141584945 608.3420551557683 Stones 0
595.0001716038969 639.1406249999999 461.24984411166224 639.1406249999998 461.2535230019421 545.8007810000001 594.9983307973889 545.800781 Stones 0
543.7277856783476 315.32090242000027 655.6125528808479 398.09990445816146 550.6009352672845 540.0134355269132 438.7182069489063 457.23677348109265 Stones 0
189.17052054828673 247.03796760487793 314.7363181284163 139.57013699978896 501.9848837990867 358.34170136304886 376.4224145659682 465.80602235187024 Stones 0
578.9593138212513 139.05681471114772 452.5732632385916 285.14883514085255 256.2367281955085 115.2958127128001 382.62121891944844 -30.79412684097133 Stones 0
408.83400187754887 211.8866522981333 576.0539852446527 163.8447417432622 626.7380422891438 340.25362609783645 459.51845806179335 388.29460989388895 Stones 0
486.25 0 633.75 0 633.75 124.980469 486.25 124.980469 Stones 0