0 0 212.5 0 212.5 174.023438 0 174.023438 Stones 0
0 140.800781 182.5 140.800781 182.5 379.6875 0 379.6875 Stones 0
267.8923545757425 321.60838744434506 138.34347951284144 204.62978685711795 237.3594834110554 94.97913942210766 366.90670162533934 211.95640126757283 Stones 0
70.76741565513657 408.13130502893955 164.57106317597209 248.22078752128473 335.7546486526553 348.6293223914204 241.9561450483161 508.53540679788136 Stones 0
361.25311181393045 639.1406249999999 84.99607884630677 639.1406249999999 85.00779691225034 433.47656200000006 361.2413865011331 433.47656200000006 Stones 0
3.7486952859762823 624.903007111551 3.7506145128281787 444.5492185499413 78.74993500634446 444.55091272505376 78.75071598711656 624.9019798551901 Stones 0
66.22569486724387 408.8313221721301 135.7029596556822 395.1096862509877 159.32567245370592 514.701812539056 89.84849333566672 528.4231594495451 Stones 0
324.375 404.99999999999534 323.24172326560074 402.3140388963243 325.11672299362544 401.5230237232331 326.2500000028376 404.2089840068096 Stones 0
299.81056554301176 325.6812385203659 387.0549568864226 333.33961724466917 371.74513290381583 507.72881143024824 284.50077393419633 500.07064010539136 Stones 0
388.33311328191485 315.0411251963958 346.2132389238832 373.91749060722276 252.13033584324876 306.6152037174826 294.24993164866464 247.73965490335434 Stones 0
364.1864182471181 211.68387610643794 534.4519956417935 204.7856384440915 546.4437069700216 500.74757949076866 376.1781594520289 507.6455425021115 Stones 0
435.93950120128284 612.7950085166714 309.80367673997534 589.0713366796446 329.2564594455325 485.6855434834888 455.38699337645085 509.4087026093749 Stones 0
536.5787250510039 659.0612295430469 432.79784706661303 636.9392770912867 471.07748562833876 457.4193841595487 574.8508708412555 479.5405212365944 Stones 0
545.4883589680685 256.2474099834427 458.94225562406064 274.34810667105893 417.2954275376833 75.2193032052368 503.839406930565 57.11883706579357 Stones 0
492.35543492191937 44.904925961390354 493.125 44.29687500000324 493.8945650597452 45.270855056766166 493.1249999930151 45.878906005505975 Stones 0
553.7499694080179 -0.00008761943795072044 553.7501160387183 129.72659150927896 434.99982960791385 129.72638707968235 435.0000372850627 0.0000668258641454972 Stones 0
441.2500293325138 90.175781 364.9999356360786 90.175781 365.0000521041511 -2.3854160110976374e-14 441.2498839453474 -1.5902773407317584e-14 Stones 0
303.17307508048543 163.98448763484265 332.3838884381257 68.59101194233145 467.67016022946336 110.01710463741094 438.46017238327477 205.409862859766 Stones 0
273.75 0 365 0 365 88.59375 273.75 88.59375 Stones 0
230.83763538925268 82.02909561611726 281.81466611509677 73.97354306323216 292.4396442480065 141.20988368399108 241.462619331287 149.26541389990265 Stones 0