0 0 116.25 0 116.25 211.992188 0 211.992188 Stones 0
181.23565269321261 407.64204019679414 -5.12494343551225 395.8630084216127 8.530436180590186 179.91240508108802 194.88217956153676 191.69115445960244 Stones 0
63.00417598627973 190.78972785683948 60.60344487814291 92.12287382209708 197.73433305897925 88.78624047229374 200.13575204655353 187.45235250550095 Stones 0
128.75 0 245 0 245 72.773438 128.75 72.773438 Stones 0
231.7969590605935 187.35749409173084 150.65738033896196 131.26124733214132 256.51526258741796 -21.853612154543395 337.6541824891319 34.2423156379345 Stones 0
353.46450198616367 295.7661334409345 205.3272170942364 337.9780363472205 155.8571438663057 164.36847126922586 303.98978139717656 122.1572985711832 Stones 0
353.01370758301346 295.5847700264993 205.48499225609703 338.13891471253163 155.1823480524763 163.7471669978541 302.70647867262596 121.19374907502012 Stones 0
397.73465274520277 121.93869713209443 306.1141021032381 114.87612744172039 315.4534500749287 -6.276396430350667 407.0734902698314 0.7861526174569999 Stones 0
458.8723279181431 300.86411510643234 377.12223448652367 336.0953941544863 294.9297490432218 145.38290015592065 376.6773317215848 110.15224680821865 Stones 0
402.5 0 610 0 610 338.55468799999994 402.5 338.55468799999994 Stones 0
592.6810367401777 595.3202092371872 445.67241978518723 623.3969721363327 391.95433290260553 342.1495090720882 538.9479229161225 314.0742674819719 Stones 0
431.5947968600085 526.5960398968248 235.42903241075692 560.3726029755067 194.7540171021683 324.13227144124306 390.9050378691609 290.35701510179257 Stones 0
237.15579574054573 453.4974634948108 197.67683870239125 478.448680747474 160.3455049914919 419.3890502220551 199.8237927689479 394.4381123844439 Stones 0
0 392.34375 203.75 392.34375 203.75 624.902344 0 624.902344 Stones 0
190.53326166766055 548.8101480663425 225.3566920387675 622.1627960558778 159.8478474481817 653.2527410468147 125.02579921849247 579.9012647445643 Stones 0
368.0947179472423 525.2507532504795 326.7323949074489 644.6513736296488 171.34592119851732 590.831721843503 212.71018569881562 471.4352359292493 Stones 0
456.2479866245849 499.92109217387394 456.2500635262404 639.142370707982 308.749901112169 639.140583911337 308.75220341797103 499.92377462794343 Stones 0