162.14368613931583 234.70948973984224 39.48033127999224 243.52008835216174 30.07032804271148 112.50046164195274 152.7315497679956 103.68994139024068 Stones 0
0 37.96875 117.5 37.96875 117.5 227.8125 0 227.8125 Stones 0
257.4999960979767 -0.00018863144473567098 257.50034015101846 148.7110163141202 88.74970409284288 148.7107119821412 88.75000044383341 0.0000014486656879833404 Stones 0
214.88724684008048 248.4205672481305 137.03123567996954 195.18636654020642 253.31949554776656 25.11713919114402 331.17418880829064 78.3506955784725 Stones 0
421.2098170216632 68.2122132686724 378.21112979596364 204.10929412746532 266.1593508403894 168.6552399215802 309.15839687171683 32.75886340314491 Stones 0
359.99999921441486 -0.000018421007823441343 360.0000325757719 58.535162648514444 263.7499749637209 58.53513794256395 263.75000010557414 3.085672374206097e-7 Stones 0
636.7443692617962 234.16664744750227 402.085272649565 278.1615931994817 350.554586762737 3.2942184175743194 585.2077110145183 -40.700141557799085 Stones 0
513.1750884555368 279.29993185144707 404.96773900435073 327.82345863707 336.7023344266636 175.59486622321572 444.90691671468085 127.07206827177451 Stones 0
223.1431199475628 355.2016354713021 157.6219039416901 213.93363765847195 296.1207879183348 149.6997469194043 361.6425509585679 290.9658152592807 Stones 0
2.1044907296891324 440.13390150140174 -2.8138424592179945 237.87178467985524 192.99186028634722 233.11050188097906 197.9150544764707 435.3677661165642 Stones 0
220.3181388003577 376.2386438781182 312.49846187791263 551.5365872646715 72.64584001917683 677.6259417396916 -19.523676784301642 502.3372269955427 Stones 0
249.0079245488596 415.91085958425776 279.22388813763973 416.65681778546633 277.42736056257854 489.4167554009508 247.21139724410023 488.67080632058116 Stones 0
373.732485993969 512.0977087412281 344.9005787092756 625.9847040441404 220.8008808867453 594.5716160919607 249.6347576806147 480.68759551103494 Stones 0
385.97900250453677 527.6856603046897 213.6786184592347 403.4007930584089 328.3279736075201 244.48460439431489 500.62124064912496 368.76573677538363 Stones 0
344.99953383266984 639.140724532474 345.00278449508187 518.9044848914339 532.4996039281541 518.9088791242502 532.501213169453 639.1401710640148 Stones 0
398.860013968806 507.94489726603365 380.1199358886515 626.4033993056094 225.00233192906308 601.8648663221979 243.74551851236902 483.410103583024 Stones 0
576.2888766882679 548.6315160905305 427.17851919565874 502.8965029741949 512.4666373929358 224.88549241260523 661.5657363981882 270.618691002037 Stones 0