0 1.5820309999999997 115 1.5820309999999997 115 216.73828100000003 0 216.73828100000003 Stones 0
198.75033266289392 189.84375 62.49980709901138 189.84374999999994 62.500553809441044 94.92187500000006 198.74969902019075 94.921875 Stones 0
73.75 0 308.75 0 308.75 180.351562 73.75 180.351562 Stones 0
313.9313112956006 124.45398777748103 309.83466576399223 1.4416740283123242 402.9017090621346 -1.6576435580232787 406.9986239216814 121.35437103504367 Stones 0
339.90640958007134 -0.008972588922496626 340.4341470191139 31.26415950751391 293.02772867144085 32.06413739306002 292.5 0.7910160000038429 Stones 0
593.7491107808455 -0.0008152945245579602 593.7502056233643 245.2149785129314 406.2495324709016 245.21394586143887 406.250583405199 0.0003751291512928828 Stones 0
457.16129159889533 302.25687902311915 373.1965659152047 338.1460598053534 292.4835722845455 149.31881381587274 376.4459514308692 113.43018457524914 Stones 0
195.12972967495443 313.0645887987259 168.26551611418836 147.10441758868222 320.8627384650026 122.40417810900935 347.7286348182679 288.36225030003243 Stones 0
151.44763237069128 411.71819361612484 -19.84947258992179 371.4828077807801 29.233318156329915 162.552581301056 200.5229732824955 202.787058148972 Stones 0
0 338.55468799999994 193.75 338.55468799999994 193.75 616.992188 0 616.992188 Stones 0
140.57790565973846 330.8800106032629 365.7975363465084 258.7912990427476 453.7274075875757 533.474127790769 228.50942286830104 605.5595300328822 Stones 0
336.24920804577414 639.140575391867 336.25795939777163 428.7268264563304 480.00208750221645 428.7331333383663 479.99930443758785 639.1410602505102 Stones 0
592.2662128890806 500.98688190767314 438.20764913507446 519.5083640081441 403.8713862005534 233.8844583273229 557.9173746165179 215.36376317819332 Stones 0
201.66284203456598 637.1423554636964 129.1529589201673 654.1131287754947 112.70390832731209 583.8462321606554 185.21151802269742 566.875734981393 Stones 0