168.29991850434453 233.13376017182577 0.05926324432948604 240.95309947515824 -7.462737798705348 79.07522154447497 160.77498624603322 71.255946758832 Stones 0
0 0 132.5 0 132.5 75.9375 0 75.9375 Stones 0
164.99916268570814 178.76928910785935 165.00056705495808 -0.0006574669501959936 483.75000173415174 0.0009416814864209017 483.75042807929276 178.76921766899716 Stones 0
605.6267987788306 285.15354832785664 440.78741133103904 267.78822915791187 468.15259384544333 8.059186842097983 632.9869258683175 25.42422295249736 Stones 0
445.3750272071193 169.42912667790083 503.9638067758642 545.4325249624679 91.90009495781851 609.6061998300031 33.33538004750153 233.62221935470973 Stones 0
103.45717483687622 637.3816194919284 5.715965612034779 648.3144580281463 -31.538864872709382 315.25804931818345 66.19093490866362 304.3258511648305 Stones 0
193.6053534715029 609.6899787972038 194.375 609.0820309999885 195.14464628249698 610.0561144475939 194.37499990672222 610.6640620736538 Stones 0
367.5005984641757 639.1406250000001 128.74910504746367 639.1406250000001 128.75498604247696 529.9804690000001 367.4950927140162 529.9804690000002 Stones 0
476.7957278364338 642.2347632149439 332.99733257183107 637.0713820240244 340.4681070255174 429.2516723334174 484.25494425799116 434.4148498537993 Stones 0
482.21775609657925 412.77544167441886 617.0196221664082 417.2124188913409 610.0238609586086 629.7147919389465 475.2220016483625 625.277997451258 Stones 0
408.4902175823663 374.4935031360149 455.4161172757449 281.8113018293897 552.7876116356492 331.10744212288233 505.8632699456939 423.78830838993406 Stones 0
501.7174826008704 301.136903817841 564.2108152207948 259.99300655723505 657.2918943002151 401.362240068546 594.7993051957747 442.50521812603716 Stones 0
424.1969731833524 443.1101748713633 393.18146095196425 460.40632274954163 366.15222235341207 411.9437221807257 397.1672905759624 394.6477296207177 Stones 0