263.09900844127696 106.4127076821413 436.2601081294997 32.57998145674199 614.5533843940211 450.7185501682684 441.39393327888683 524.5479962857347 Stones 0
214.04753235561657 169.26695080329318 298.0307013382844 118.43489357143912 407.2975843382301 298.9570263601445 323.31516219426703 349.7881523711778 Stones 0
300.3256730239809 310.3368566033557 234.85510776692536 341.74253725867175 173.40453391647316 213.64358622611752 238.87347567688266 182.2383744979051 Stones 0
0 177.1875 212.5 177.1875 212.5 446.13281200000006 0 446.13281200000006 Stones 0
120.97413239040179 228.85996665873472 -1.8488130419427762 209.1697916382806 34.32473420558381 -16.461453906571496 157.1453992779425 3.2285286229759897 Stones 0
95.64325531886425 78.6784394434038 181.5179527244618 -15.268591401433012 301.7353846898186 94.61903480071723 215.8611497793754 188.56560975578677 Stones 0
317.6185805433488 100.06648448823272 274.9210783332819 30.24006589987275 363.370534243586 -23.844953554664645 406.06801298279606 45.98133618028059 Stones 0
206.25240743465838 639.1406249999999 58.74800509183842 639.1406249999999 58.753179866835126 431.89453100000003 206.2456253864366 431.89453100000003 Stones 0
229.18829642228957 577.2420986041316 124.58568118534458 401.3012202493935 341.4152848217782 272.4077481378601 446.0173779644538 448.3413701450766 Stones 0
258.75 515.742188 468.75 515.742188 468.75 639.140625 258.75 639.140625 Stones 0
484.85957363627676 486.7751347953989 529.921697714235 463.7412372960034 550.984145708353 504.93934963398567 505.9221543984313 527.9730501418735 Stones 0
539.6579023066442 616.1968247294634 489.7247196068929 637.711331076316 456.25070180343755 560.0393471835027 506.18228117709805 538.5252344553844 Stones 0
575.0134074393281 585.1464718255618 519.5202703669202 597.1019433471756 501.48521407427324 513.4035047643029 556.9764692944591 501.4482432968048 Stones 0
501.15412749539246 82.46540735667006 526.8561059627245 -21.32807073318936 625.1921690666495 3.0225191195353895 599.4903999828239 106.81580676076634 Stones 0