0 162.94921899999997 223.75 162.94921899999997 223.75 548.964844 0 548.964844 Stones 0
152.5791880468023 160.53578533520079 73.44176751495979 194.20446998004303 26.052130129392026 82.81666427286976 105.188779964883 49.14816643377644 Stones 0
7.5 0 166.25 0 166.25 80.683594 7.5 80.683594 Stones 0
469.79896544784424 116.3523323147837 374.05187943142664 301.28085111743695 105.50404148962116 162.2387150891969 201.25114785339974 -22.686481953253907 Stones 0
440.1919822921627 300.72390667987713 356.2712322870357 448.4039048642809 187.55418113651103 352.5330974017364 271.47498207414174 204.85654978713615 Stones 0
186.25027634538128 639.1406249999999 3.74870280335017 639.1406249999999 3.7512971716932952 555.292969 186.24609176054946 555.292969 Stones 0
321.5632630813343 394.84203694870837 372.38139471890463 606.4950403887592 182.6714532126789 652.0265669516896 131.86241498333402 440.38126135699576 Stones 0
363.7501701385918 639.1406249999999 252.49989382784406 639.1406249999999 252.5012952840916 586.933594 363.74892246865784 586.933594 Stones 0
336.9930546856631 350.9874205331585 614.8118111764779 317.2224473604626 651.2838695286337 617.2741655510116 373.46550218258926 651.0373232690209 Stones 0
571.5456544775952 233.20920971105537 426.6444799216697 247.30010657906917 403.17552283522673 5.951397735671996 548.0736358527065 -8.139350162357808 Stones 0
368.916788237475 -22.602471495179284 452.65743510033644 0.21317920254348835 429.75850736045686 84.25942816005406 346.01786635837925 61.44380186874766 Stones 0
374.0440162422601 252.10092212807774 482.98616019412293 194.71976993077686 541.1257784640475 305.0967938520683 432.18414011884306 362.47720157287716 Stones 0
256.25 0 452.5 0 452.5 75.9375 256.25 75.9375 Stones 0