-22.71056593854155 298.9930685977357 90.67532225315517 269.1334843427615 143.6265263538371 470.18617432713074 30.240954872060684 500.04486493005436 Stones 0
65.62838297584676 218.31920519601812 24.127869787771488 106.83252160342971 156.58990185256698 57.524791655911976 198.09073543161503 169.01059308096723 Stones 0
25.126530456764158 97.03841752050468 166.43640598842467 68.32856388151666 211.61889862385578 290.712754967897 70.30918190503144 319.42215318771895 Stones 0
263.68202406134515 210.33402774099318 136.71412189542025 144.60773186512807 220.6484545776766 -17.530339081216507 347.61472078229417 48.195414240131946 Stones 0
425.68700015755894 341.5636243890959 229.20081500982633 429.76795797212264 151.27908587914135 256.19123487921183 347.7583436048735 167.98866831456513 Stones 0
252.68091780722898 575.3677489923481 159.64954344075522 581.2006667664865 146.12327454706246 365.452812872163 239.14780240702385 359.62010689351405 Stones 0
433.37222007517994 495.07148396368325 433.75 495.96679700000016 431.62777947633003 496.86210965598957 431.25 495.9667969999853 Stones 0
421.83497873040324 628.7999912218852 204.058150430792 533.2231040153406 301.41735505916586 311.4459437542883 519.1784774059488 407.0188926395452 Stones 0
321.3310395066219 66.86959607090877 458.2097494904883 25.273785016898337 532.3130274480354 269.12104290158203 395.4346011866437 310.7161824380139 Stones 0
318.75 0 443.75 0 443.75 61.699219 318.75 61.699219 Stones 0
219.99999673738785 -0.00004069321511908915 220.00009608971595 79.10159658702648 69.99993748730049 79.10153495523868 70.00000481530151 0.000006330470622475761 Stones 0
562.4944765395048 426.38410116154137 637.6862325854745 441.23421716081236 618.5886899863544 537.916144664906 543.3970086802583 523.0662898232991 Stones 0
401.77660784982436 329.4153636542319 438.92341037448205 268.05217251131376 512.9706309804169 312.87431876067905 475.82456250667747 374.2368701037878 Stones 0