13.801720234405366 98.71118633103652 217.96214404472266 53.03195239565302 277.3360172129469 318.3944618211326 73.17597044318973 364.0727085341294 Stones 0
0 335.390625 190 335.390625 190 579.023438 0 579.023438 Stones 0
248.07677124263137 577.548195553087 99.93494980953983 359.62198281104236 387.7830633364647 163.97056613139452 535.922719790251 381.8866782588825 Stones 0
217.62486571577028 215.5736358377794 247.7874206739216 -18.73569972210543 506.4638369804743 14.562927698531883 476.3040367362555 248.87007737487477 Stones 0
117.5 0 255 0 255 87.011719 117.5 87.011719 Stones 0
0 0 117.5 0 117.5 126.5625 0 126.5625 Stones 0
0 151.875 52.5 151.875 52.5 371.7773440000001 0 371.7773440000001 Stones 0
0 510.9960940000001 136.25 510.9960940000001 136.25 639.140625 0 639.140625 Stones 0
305.000279205924 639.1406249999999 133.74774885101942 639.1406249999999 133.75088334549218 552.128906 304.9968667520443 552.128906 Stones 0
293.75 460.3710940000001 457.5 460.3710940000001 457.5 639.140625 293.75 639.140625 Stones 0
506.5461334983411 367.9057190025912 659.084384505768 413.9399409960125 578.1277360981767 682.144164801387 425.59049502335256 636.1124466685171 Stones 0
570.1271595522849 402.68235115290025 414.48327764061105 367.1572133795429 498.5279694649216 -1.0255616446062594 654.1643155868951 34.498742056540486 Stones 0