0 79.101562 227.5 79.101562 227.5 373.359375 0 373.359375 Stones 0
28.87893107625132 58.60142194667942 91.83422407579201 -46.56686467504721 232.91294228140032 37.88501170491599 169.95806152430305 143.05292310962042 Stones 0
189.48209300382587 0.2336795259160335 286.13066113059176 -9.204545039565051 303.7898524382035 171.6270780725266 207.14129359243088 181.06524862576566 Stones 0
215.9822212713334 261.95120113273987 275.2111403080926 117.6695138660972 417.49081389338244 176.07515760897812 358.26401743390306 320.3550505768564 Stones 0
242.5 0 541.25 0 541.25 202.5 242.5 202.5 Stones 0
388.48788417155447 344.29972571470756 345.7724783584854 226.1758160024863 498.79501023926423 170.84313765105233 541.5112469717133 288.9651737883601 Stones 0
478.7621081148973 593.9150268521346 322.49298127077054 548.3775482442134 409.5397749551921 249.73982232178247 565.7943789281126 295.2750230605801 Stones 0
416.734426031544 530.3190754497698 213.61682247668796 607.5805492800156 107.05093181997654 327.4414199512622 310.1503379316273 250.18386537425835 Stones 0
14.9849299271591 636.6048827856242 -43.30899565255095 397.40656430481533 145.597410360715 351.3775895213864 203.8971043373749 590.5674925757589 Stones 0
473.7511216530402 639.1406249999999 277.4992082204699 639.1406249999998 277.5031326291355 548.964844 473.7472469070053 548.964844 Stones 0
236.57765129726613 645.940159331429 179.91433440634864 639.0542626433237 191.37242004755535 544.8022796657515 248.03339359255915 551.6880328964172 Stones 0
173.74975362785335 601.1710264048428 173.75045471497288 639.1406128020033 72.4999879225652 639.1408685951571 72.50017212078092 601.1721677452285 Stones 0