331.249940642665 -0.0013225079243809515 331.2517656054115 251.54368500613228 57.49864757301111 251.54225299640603 57.500007191774785 0.000016854936269043372 Stones 0
182.74229059861682 180.28836898298783 265.69678372339695 41.92376036080104 505.4163065586181 185.64221099203894 422.4650413719064 324.0040095679724 Stones 0
663.9953277095628 269.1124253593153 473.6935142663424 354.7605320906266 321.62637778907083 16.883793945936855 511.92268067607074 -68.7629782601162 Stones 0
567.2093833670078 316.4873856953018 579.8577797191683 636.0077255306759 339.6028657440911 645.5038008259044 326.9683603458543 325.99628455469605 Stones 0
351.187258052596 439.9529574277289 208.23315847119375 454.52601590972733 186.46137682459084 240.9366402511283 329.40766952437116 226.3639857652549 Stones 0
365.9769742817298 632.620176087234 164.16235145443352 687.2176730199787 114.83310495277692 504.89815408435163 316.6328519722447 450.3027543534329 Stones 0
101.3946408238553 587.9076692027069 100.625 588.5156250000157 99.85535944659205 587.5415496323469 100.625 586.9335940000021 Stones 0
0 504.6679690000001 155 504.6679690000001 155 639.140625 0 639.140625 Stones 0
120.60253356845351 297.71540964929693 229.00890581637213 338.4979488788778 157.72896937007317 527.9469466742488 49.323241161037004 487.1656972607672 Stones 0
0 333.8085940000001 78.75 333.8085940000001 78.75 490.42968799999994 0 490.42968799999994 Stones 0
185.9211647617485 293.74559453044805 96.25927881490497 388.1994155485937 4.419061911466997 301.02309480419314 94.0797325658059 206.5706437883357 Stones 0
0 115.488281 92.5 115.488281 92.5 270.527344 0 270.527344 Stones 0