71.43031414139841 272.0149548026677 -45.02153392255423 150.66928813816872 35.26025930434116 73.62795701601242 151.71131153576425 194.97271904139393 Stones 0
80 0 242.5 0 242.5 140.800781 80 140.800781 Stones 0
245.26883820755756 217.983050550371 154.54935422880226 229.9294142220711 139.38288954748714 114.75575227436622 230.10107016591064 102.80947653742305 Stones 0
0 264.199219 133.75 264.199219 133.75 507.8320309999999 0 507.8320309999999 Stones 0
445.47531962176436 511.48250925670004 163.76715920450806 575.611150848775 86.25710903819709 235.11484184372 367.93975822482025 170.98918148647587 Stones 0
365.84128488648275 206.37142358166517 256.132838545891 262.45982075146804 181.51444798764715 116.50807578461365 291.220985309119 60.420279232523725 Stones 0
216.1844724976254 48.70648389244454 378.6551456368761 -81.29789886343387 574.3251584674726 163.2371891399689 411.8559792722226 293.2399423319492 Stones 0
462.5 0 593.75 0 593.75 105.996094 462.5 105.996094 Stones 0
522.9342077184265 102.79506472449818 625.8362354620476 117.35681744491616 597.9425702797016 314.46451149925537 495.04059500293806 299.90298530673425 Stones 0
391.7420671569562 275.2655463183975 534.5805887217284 245.56829971190467 578.9653194753191 459.0335623998502 436.1270220995357 488.7299417175592 Stones 0
433.67616959265433 449.67913320235346 484.39106470774277 553.4206306683421 231.2722272380779 677.1206788803449 180.56449005111062 573.3852851439681 Stones 0
598.749427509465 474.6078066081077 598.753541289916 639.1438476856304 352.4998404512007 639.1405952791654 352.5040920878382 474.61314671079447 Stones 0
221.85020536591765 613.8655094326908 150.59887498107855 660.4671795921897 60.77480718937295 523.1616015706142 132.0224476243311 476.5615640337144 Stones 0
3.75 509.41406200000006 82.5 509.41406200000006 82.5 639.140625 3.75 639.140625 Stones 0