237.50019358922145 132.89062500000003 81.24992502423993 132.89062499999994 81.25035936507629 -6.361109362927034e-14 237.49978190651746 -7.951386703658792e-14 Stones 0
159.94021442551457 128.17066448688016 153.39925377709733 267.7277146323447 17.64836293688859 261.36394422984245 24.190607358978014 121.80818925069102 Stones 0
135.87245481779973 497.29634820824685 2.9944858509406913 503.47139543854087 -8.329421802045545 259.71239882881514 124.53880085929995 253.537588134793 Stones 0
451.4484198178252 503.1330632677236 170.83331888068642 575.7254850098831 84.02908270167245 240.17076649471096 364.6195088825334 167.58164336371 Stones 0
252.28072964055173 214.89218653243623 154.87647279762314 225.58106237235233 142.79045939409116 115.44276291493972 240.1934036311286 104.75395988127788 Stones 0
365.12460060373996 94.40011618379869 389.1027412388212 237.53661213013675 256.94014204040286 259.6745396632842 232.96337446008692 116.53920510510636 Stones 0
245 0 515 0 515 248.37890600000003 245 248.37890600000003 Stones 0
524.6318636574142 92.93359321509591 617.8121300083876 114.74749512462421 567.5096642448625 329.6133337433491 474.32953502153396 307.79980379811053 Stones 0
410.8368925997638 248.00991050139322 526.6078588570963 233.66245042266658 552.3091088931687 441.0329402047813 436.5382103761658 455.38002057519907 Stones 0
414.1324584888207 639.6116135642496 410.89442964541377 387.8936078294635 638.0775457533309 384.97126996942285 641.3263212096354 636.6786652966762 Stones 0
454.4360825888725 422.56817148103175 513.1598534043587 526.254330895548 269.54380085990124 664.1898589921473 210.82679184160952 560.5095371752586 Stones 0
67.30663088717847 508.2133574330575 163.2501394097926 462.7400991598524 232.96124434644298 609.7916874206079 137.01872194906173 655.2633916785751 Stones 0
2.5 482.5195309999999 81.25 482.5195309999999 81.25 639.140625 2.5 639.140625 Stones 0
300.0000635049946 639.1406249999999 192.4998727611819 639.1406249999999 192.50078160293924 599.5898439999999 299.9990050974884 599.5898439999999 Stones 0
412.50029915667255 639.1406249999999 339.99991133474396 639.1406249999999 340.001046237885 588.515625 412.4997521300975 588.515625 Stones 0