153.21596480935114 209.26275254753693 18.250263019945123 171.86988839441256 70.61269590063603 -17.122673165037337 205.5770075802866 20.270022214450062 Stones 0
81.79602575022727 473.9441276685995 -56.03624853960355 433.4249971818639 11.970182094592019 202.12937519541168 149.79475528583862 242.64730560539417 Stones 0
112.31841081942548 205.07515628312743 193.82207077171188 194.34297735194644 218.79204070355627 383.9623587881374 137.28842996140884 394.694307511206 Stones 0
196.53313011796854 250.9265980485667 469.34259689332976 339.0972200563226 369.37296143587446 648.368123575698 96.5656511769339 560.2023217003298 Stones 0
418.16765650983143 16.2878730995396 496.49638648210384 300.96658417056113 253.77317379694432 367.74430714577625 175.4505690406222 83.07100548375699 Stones 0
231.82945103289967 247.84182217719928 163.86614885894232 259.3485787179554 137.27002179817646 102.26230833444113 205.23189855186502 90.75567766054178 Stones 0
486.24999018262315 -0.000064215671950097 486.2500365793676 64.86329457511053 368.7499480495171 64.86324825210887 368.75000024578185 0.000007946294818495663 Stones 0
257.0106399395445 60.31252594180511 245.37198655139946 8.81482869118425 357.67893570722663 -16.56692932182747 369.31762311629427 34.930693447659166 Stones 0
475.61959710474184 145.9054064403511 575.6801141879987 165.41278003092717 531.4728808321524 392.15714733078846 431.41249439911917 372.65022463690656 Stones 0
515.8543398105394 620.3081746300126 379.69713059603237 562.775782368683 462.16829072349356 367.64748422813904 598.316226718016 425.1776542408576 Stones 0
548.7494642048841 583.769077164816 548.7502043123095 639.1409433450506 414.9999579840369 639.1406232676717 415.0009062380559 583.7704931109718 Stones 0
417.1240971137013 557.0408983560721 437.1282363020873 630.9559241176632 224.0114445276413 688.6115587352103 204.01174832644756 614.7003998920896 Stones 0
53.78478952217847 548.7343197540472 128.41235413055983 501.194146332794 199.69316794165934 613.0640048480881 125.06669426402368 660.6028164504246 Stones 0
76.25024511165975 639.1406250000001 -0.0014460927195614204 639.1406250000001 0.0005696596053894609 529.9804690000001 76.24863441094931 529.9804690000001 Stones 0