21_13_19_19_16-03-2020_1_jpg.rf.310b035f57b2e02aea135f5100977182.jpg 48,0,259,234,0 0,234,194,402,0 165,253,295,407,0 214,142,374,323,0 185,0,426,131,0 381,2,596,185,0 354,180,570,397,0 164,377,470,639,0 403,384,544,517,0 466,478,566,639,0 53,549,201,639,0 101,397,214,554,0 186,546,260,639,0 243,577,366,639,0
1_12_09_40_05-03-2020_1_jpg.rf.13a28c13aeb900f6d53a8b052058e44c.jpg 79,0,265,179,0 53,180,166,274,0 44,359,173,543,0 189,187,483,560,0 126,221,210,354,0 270,0,409,147,0 394,43,548,274,0 476,329,640,532,0 439,516,593,639,0 144,422,341,596,0 44,558,179,639,0 344,546,436,639,0 175,589,285,639,0 8,525,96,582,0 313,112,378,228,0 236,133,279,196,0
16_12_14_51_16-03-2020_1_jpg.rf.262602163f6d88f3842f852cd2d6b476.jpg
15_12_11_06_16-03-2020_1_jpg.rf.08c0844335f3e43113a9ac26c7524abb.jpg 5,85,166,274,0 19,212,220,494,0 149,0,303,231,0 229,0,369,247,0 313,57,440,331,0 206,242,390,403,0 268,405,391,543,0 160,445,296,639,0 20,503,146,639,0 304,533,438,639,0 428,470,584,639,0 373,345,625,484,0 426,78,605,350,0
22_13_22_01_16-03-2020_1_jpg.rf.26fec9909aa2a19ac406615499a6b517.jpg 98,52,255,228,0 38,240,149,399,0 116,223,318,541,0 48,427,200,589,0 163,536,303,639,0 273,305,426,566,0 369,478,503,639,0 366,264,578,490,0 485,432,640,628,0 258,70,471,247,0 429,60,573,282,0 281,558,376,639,0
3_11_37_56_16-03-2020_1_jpg.rf.22f774bc23797071b720641efa5e4657.jpg 0,28,238,546,0 78,0,276,234,0 225,180,489,394,0 265,2,511,242,0 410,0,600,122,0 463,161,584,370,0 421,358,570,544,0 346,400,464,571,0 176,402,408,638,0 65,544,200,639,0 374,571,495,639,0
19_12_22_16_16-03-2020_1_jpg.rf.0f28daca6fd91a145b8c8b5bdad4ef8b.jpg 6,127,146,343,0 100,2,234,168,0 130,142,241,288,0 83,256,190,438,0 5,400,121,587,0 148,465,284,639,0 118,354,308,532,0 76,551,155,639,0 283,435,365,555,0 289,554,480,639,0 480,475,481,478,0 366,226,619,579,0 495,549,604,639,0 569,459,640,577,0 205,40,439,308,0 191,250,375,440,0 428,2,640,248,0
30_13_47_46_16-03-2020_1_jpg.rf.2a4ccf677e0ca3479a2a6dd9f98ee1b3.jpg 0,0,203,157,0 9,123,176,245,0 34,239,193,440,0 0,426,268,639,0 201,342,395,538,0 305,416,459,638,0 445,201,640,622,0 170,17,533,375,0 203,0,301,70,0 433,0,640,130,0
29_13_44_39_16-03-2020_1_jpg.rf.003bba273ee0c11b1aa57cee139f116b.jpg 50,13,240,215,0 14,207,266,381,0 38,383,160,514,0 49,508,240,639,0 204,419,358,639,0 138,369,213,506,0 324,522,575,639,0 299,359,475,520,0 215,340,326,429,0 265,258,359,367,0 348,228,493,383,0 455,302,591,516,0 606,574,610,579,0 560,475,640,639,0 545,166,640,407,0 476,239,545,302,0 423,17,600,234,0 190,111,419,274,0 230,0,429,111,0
14_12_08_17_16-03-2020_1_jpg.rf.2535a60c0badde7cf53734a6d110b780.jpg 29,51,128,198,0 0,182,115,399,0 56,296,261,505,0 119,2,306,339,0 31,0,243,103,0 281,0,364,112,0 366,0,549,120,0 463,74,636,362,0 291,123,459,419,0 330,402,549,639,0 274,111,360,236,0 184,356,338,546,0
17_14_05_09_05-03-2020_1_jpg.rf.394356e2ec7ccaabd5c1c97286b0dab4.jpg 50,142,159,345,0 83,335,201,524,0 198,361,319,509,0 268,383,441,601,0 470,324,575,492,0 403,188,578,380,0 250,139,414,440,0 151,142,265,354,0 136,112,200,182,0 108,0,335,133,0 289,0,476,101,0 399,97,494,228,0
29_13_45_27_16-03-2020_1_jpg.rf.0135161f09e1e6c4ec86ac82fa5ba8a3.jpg 140,0,318,193,0 78,160,299,353,0 229,125,374,240,0 329,0,493,209,0 444,63,631,324,0 339,185,468,345,0 291,318,409,549,0 195,239,360,517,0 88,377,190,522,0 188,511,339,639,0 355,476,473,615,0 420,267,543,538,0 511,234,640,505,0 386,479,588,639,0
21_13_18_53_16-03-2020_1_jpg.rf.2193cd115131b473169192ac9b68ab1f.jpg 33,2,239,259,0 50,236,191,441,0 186,282,325,413,0 158,394,435,633,0 285,293,421,424,0 388,220,608,451,0 431,443,591,639,0 198,0,434,171,0 241,136,399,313,0 398,49,624,250,0
19_12_23_00_16-03-2020_1_jpg.rf.10aeac6f04ee54ee80dca39c0f4fe8bd.jpg 0,127,226,429,0 109,274,220,452,0 34,405,174,590,0 105,528,253,639,0 175,400,319,593,0 219,310,331,460,0 213,153,290,261,0 274,133,458,291,0 273,225,438,426,0 306,407,606,639,0 449,188,640,509,0 444,14,548,203,0
20_12_24_33_16-03-2020_1_jpg.rf.3a1167d027f93c3f7f34fdde1ea64809.jpg 5,0,411,255,0 304,0,409,40,0 410,0,616,122,0 395,114,588,400,0 410,362,640,638,0 0,244,420,638,0 0,108,60,255,0
10_11_56_13_16-03-2020_1_jpg.rf.147a494eea4263f3088478b7fcf63c86.jpg 56,55,255,248,0 19,202,261,356,0 89,234,394,422,0 3,370,104,638,0 103,389,348,601,0 173,519,380,639,0 60,596,168,639,0 356,416,611,639,0 449,315,640,432,0 389,214,589,419,0 211,40,469,248,0 369,0,619,221,0 581,184,640,301,0
15_12_10_47_16-03-2020_1_jpg.rf.2b059a67ccce803b7250e7159250b045.jpg 0,112,134,334,0 1,290,226,544,0 118,2,314,318,0 241,3,396,259,0 328,101,453,377,0 204,258,388,426,0 451,114,635,380,0 404,364,640,522,0 426,500,640,639,0 300,451,424,592,0 169,498,320,639,0 361,411,401,449,0 80,571,188,639,0
4_11_40_48_16-03-2020_1_jpg.rf.08f0ae3ef25fbea663caa84e7ee6591d.jpg 0,0,116,212,0 1,184,191,403,0 63,90,199,190,0 129,0,245,73,0 185,0,310,180,0 195,131,349,331,0 188,130,349,331,0 311,0,405,120,0 325,117,428,326,0 403,0,610,339,0 418,332,581,609,0 205,304,423,535,0 175,397,229,476,0 0,392,204,625,0 135,557,214,639,0 195,475,361,626,0 309,500,456,639,0
30_13_47_25_16-03-2020_1_jpg.rf.119d6488681d9f57f7966f8a184bf0e7.jpg 0,36,123,210,0 26,0,131,73,0 131,0,259,73,0 130,2,405,332,0 99,2,405,362,0 0,223,156,397,0 69,528,71,530,0 0,391,128,636,0 155,308,374,426,0 70,397,406,639,0 406,416,619,603,0 371,68,640,454,0 370,0,585,76,0
18_12_19_04_16-03-2020_1_jpg.rf.07df0709e2203736443980c1d16c7cee.jpg 0,38,156,180,0 0,158,120,359,0 115,0,298,320,0 50,302,280,544,0 5,524,178,639,0 174,421,374,639,0 339,201,628,492,0 358,234,435,321,0 271,248,370,432,0 435,115,436,119,0 284,0,626,272,0 466,362,640,639,0 349,451,474,639,0
15_14_00_15_05-03-2020_1_jpg.rf.0283cfdc862cf8cbbc71fa848df6c3af.jpg 89,285,164,427,0 128,149,286,316,0 253,40,426,185,0 390,0,484,108,0 413,60,543,193,0 459,180,588,373,0 308,180,475,351,0 175,274,429,517,0 443,429,640,634,0 394,348,501,497,0 211,470,430,614,0 125,0,293,153,0
14_13_57_44_05-03-2020_1_jpg.rf.184cb26fa54f029f8e19f6f5d808aee4.jpg 26,195,168,421,0 159,209,329,478,0 149,502,298,639,0 256,383,465,525,0 333,207,495,399,0 369,46,513,193,0 93,59,373,237,0
4_12_26_48_05-03-2020_1_jpg.rf.2a2af3e1a330de239fa0ff1461d32276.jpg 0,5,285,288,0 33,209,288,536,0 261,283,511,638,0 86,492,305,639,0 218,2,621,416,0 515,426,583,532,0 0,459,73,639,0
17_12_17_10_16-03-2020_1_jpg.rf.285ee641385c13370b8f1ad795f62aaa.jpg 40,66,240,245,0 118,169,276,384,0 44,312,131,452,0 50,391,245,638,0 193,396,288,533,0 186,215,338,413,0 243,19,453,269,0 85,0,259,85,0 348,0,558,196,0 463,112,628,386,0 279,264,461,574,0 425,340,640,639,0 228,503,431,639,0
2_12_16_15_05-03-2020_1_jpg.rf.2c2253005aa1ba3be9deae85342f1d3a.jpg 0,0,99,195,0 0,153,125,402,0 0,396,158,527,0 128,353,181,440,0 34,500,370,639,0 206,259,369,500,0 100,0,351,343,0 300,0,509,138,0 330,117,505,408,0
11_11_59_43_16-03-2020_1_jpg.rf.3abcd27a1bc84af01ff531c91082476f.jpg 0,0,101,278,0 99,25,271,331,0 0,261,120,532,0 96,21,184,180,0 78,0,185,41,0 238,2,470,346,0 95,293,286,479,0 253,388,359,639,0 76,430,268,639,0 361,165,640,527,0 405,0,525,152,0 521,0,628,141,0 601,112,640,204,0
10_11_57_04_16-03-2020_1_jpg.rf.3e94dbbccfb7e0e12fe42590436a82dc.jpg 0,8,100,323,0 0,237,161,519,0 73,199,320,494,0 90,46,284,234,0 151,0,424,155,0 405,0,594,223,0 313,104,414,269,0 326,106,513,326,0 398,239,640,584,0 284,299,456,470,0 78,445,328,638,0 103,557,288,639,0 318,547,516,639,0 354,468,414,555,0
12_12_01_50_16-03-2020_1_jpg.rf.3e402e296d6808b01deeb309f70f72eb.jpg 0,8,134,252,0 0,240,129,638,0 123,315,259,494,0 113,81,345,361,0 244,351,404,581,0 195,492,291,630,0 80,495,213,639,0 274,543,439,639,0 401,332,533,622,0 500,182,640,459,0 319,225,431,389,0 330,73,520,277,0 399,0,568,112,0 329,0,398,43,0 210,0,333,108,0 115,0,206,104,0
20_12_24_10_16-03-2020_1_jpg.rf.489c62c90d51e7f7ce5ceaea130e372b.jpg 0,2,405,286,0 0,0,70,71,0 0,207,101,422,0 51,267,455,638,0 439,340,640,633,0 403,59,596,350,0 380,0,574,60,0
14_13_57_14_05-03-2020_1_jpg.rf.4175b908df2be95a9fcd7041b475a5da.jpg 0,98,88,203,0 26,198,169,419,0 89,54,350,239,0 213,0,395,152,0 369,0,485,90,0 365,65,548,244,0 321,187,489,386,0 148,199,316,473,0 269,384,426,514,0 124,467,276,638,0 406,354,493,516,0 450,533,528,639,0 528,432,580,516,0
30_13_46_56_16-03-2020_1_jpg.rf.4a9b4b4888302d3d97d4846889ea0581.jpg 16,0,164,158,0 0,9,104,229,0 0,214,201,388,0 0,365,124,603,0 86,392,443,639,0 160,264,363,418,0 95,0,383,282,0 390,0,621,115,0 339,101,640,582,0 434,449,634,639,0
3_12_19_16_05-03-2020_1_jpg.rf.4ccd5860066f11151beef57109ccef95.jpg 0,191,111,543,0 26,106,270,307,0 96,277,345,475,0 85,470,335,639,0 13,528,84,636,0 314,483,454,639,0 286,381,399,544,0
25_13_31_52_16-03-2020_1_jpg.rf.50aeeba0fdab5017ab31a41fa317a37b.jpg 11,0,165,163,0 0,122,115,313,0 43,283,221,471,0 44,448,218,639,0 213,435,524,639,0 223,223,426,470,0 138,0,334,264,0 119,177,264,364,0 334,0,499,204,0 244,0,349,141,0 488,0,640,114,0 428,160,611,465,0 536,378,640,528,0 463,525,640,639,0
22_13_22_21_16-03-2020_1_jpg.rf.50106c9022d19ef5be30c40f4dc521bb.jpg 65,236,278,478,0 133,123,310,308,0 280,125,478,308,0 254,304,466,570,0 26,473,183,639,0 454,497,610,639,0 423,283,595,525,0 469,125,640,364,0 323,570,459,639,0 249,568,320,639,0 249,566,368,639,0 155,525,275,639,0
16_14_03_05_05-03-2020_1_jpg.rf.4a51a70118a4ca2b33816e76c840a531.jpg 38,217,256,456,0 70,445,223,639,0 60,79,248,220,0 114,0,251,82,0 241,0,441,89,0 258,70,353,210,0 334,84,458,233,0 385,41,433,134,0 439,46,560,242,0 433,226,553,394,0 230,315,421,582,0 171,416,260,558,0 243,320,315,443,0 411,373,580,625,0 220,533,441,639,0
4_11_40_26_16-03-2020_1_jpg.rf.526eb6bfa35459b005a48acc86ca0f98.jpg 34,106,160,239,0 0,38,118,228,0 89,0,258,149,0 179,49,300,236,0 296,47,409,198,0 264,0,360,59,0 356,0,621,253,0 360,149,503,297,0 200,160,356,342,0 0,234,195,438,0 0,399,251,638,0 248,416,279,489,0 234,490,366,609,0 258,296,469,508,0 345,519,533,639,0 235,490,396,611,0 461,245,640,519,0
17_14_04_43_05-03-2020_1_jpg.rf.4f169c2d22c38ab11d14bc1062bb398e.jpg 68,174,196,353,0 115,339,251,514,0 188,158,304,343,0 276,123,436,422,0 160,0,354,176,0 283,0,469,120,0 415,57,533,188,0 411,182,599,381,0 443,361,558,495,0 266,402,448,566,0
27_13_38_18_16-03-2020_1_jpg.rf.584f535cb57c9c650c44924e9db24817.jpg 59,98,210,261,0 209,21,336,191,0 296,100,471,285,0 448,25,578,171,0 465,165,590,370,0 278,291,541,489,0 213,182,328,356,0 154,263,239,377,0 105,275,168,343,0 3,239,110,410,0 53,331,236,585,0 224,326,276,448,0 174,446,349,639,0 328,487,483,639,0 476,373,640,612,0 470,608,578,639,0
17_12_16_52_16-03-2020_1_jpg.rf.557dc33d9526e62f4f3b54d0c69dacae.jpg 0,0,231,308,0 38,250,180,495,0 131,184,238,408,0 315,245,535,519,0 170,364,289,573,0 298,3,456,261,0 453,0,615,280,0 169,35,289,195,0 233,0,314,46,0 223,199,338,438,0 229,435,434,639,0
18_14_09_20_05-03-2020_1_jpg.rf.5a57688e6114653f465991b9663ba26b.jpg 69,25,158,139,0 101,166,216,346,0 219,122,353,358,0 145,59,263,207,0 230,0,480,163,0 348,165,484,380,0 426,74,549,234,0 428,277,591,503,0 310,346,444,479,0 233,362,311,551,0 260,483,439,639,0 54,342,254,544,0
8_12_38_08_05-03-2020_1_jpg.rf.546bf0a3b0e9cddc03ad86c78d350b44.jpg 235,198,468,465,0 53,2,265,454,0 80,427,224,639,0 201,456,295,611,0 276,462,490,639,0 471,269,595,492,0 413,49,608,320,0 278,0,541,239,0 278,112,376,218,0
18_14_09_37_05-03-2020_1_jpg.rf.5da0d48c7db6748be26b88a1073e8bf4.jpg 126,153,244,310,0 126,100,244,310,0 101,2,199,106,0 224,0,433,204,0 228,199,373,400,0 194,49,265,171,0 226,373,336,562,0 353,203,488,380,0 421,90,541,256,0 403,0,485,76,0 423,288,590,516,0 381,555,383,558,0 298,473,463,639,0 310,365,444,498,0 31,342,234,516,0
27_13_39_02_16-03-2020_1_jpg.rf.62b851020fafa1cb241c08c4c7d26976.jpg 10,233,143,323,0 48,307,204,612,0 165,497,344,639,0 340,446,468,639,0 224,247,421,511,0 190,191,288,370,0 89,81,250,234,0 136,229,203,359,0 254,90,433,282,0 223,0,366,131,0 421,35,541,187,0 421,187,590,381,0 438,351,606,608,0
19_12_22_38_16-03-2020_1_jpg.rf.6536d629402f23f582651433479c9544.jpg 0,180,121,335,0 78,256,179,413,0 0,397,149,581,0 108,375,284,546,0 115,511,260,639,0 53,574,123,639,0 264,565,426,639,0 274,427,350,566,0 338,272,640,595,0 548,538,640,639,0 194,35,396,375,0 181,247,343,433,0 111,130,221,274,0 389,16,640,274,0
26_13_34_45_16-03-2020_1_jpg.rf.7cc403d5125dc4b1970cf5cc54612f47.jpg 20,62,281,351,0 111,236,434,522,0 149,511,394,639,0 403,446,518,636,0 509,454,640,639,0 439,184,640,452,0 358,157,515,321,0 229,41,343,245,0 298,66,419,225,0 316,0,463,130,0 459,2,634,218,0 303,452,409,568,0
2_12_15_17_05-03-2020_1_jpg.rf.62d0af9d30e68d50effada75caf5a224.jpg 0,163,126,402,0 0,399,160,532,0 25,456,384,639,0 434,492,595,639,0 296,259,423,432,0 359,209,583,505,0 254,378,374,525,0 126,138,339,369,0 39,2,339,231,0 308,62,528,203,0
9_11_54_12_16-03-2020_1_jpg.rf.662faf1a1c01d0617091ae3b4d701d96.jpg 46,0,193,198,0 0,207,138,465,0 116,202,209,394,0 141,256,436,606,0 214,35,473,331,0 156,95,231,255,0 369,0,486,65,0 255,0,366,59,0 444,150,559,381,0 415,383,581,590,0 415,584,549,639,0 210,560,428,639,0 60,511,161,639,0 0,530,76,639,0
4_12_27_13_05-03-2020_1_jpg.rf.655c5dbfa642a7948689cc42f8b0a742.jpg 0,0,261,250,0 43,172,290,538,0 236,2,575,332,0 268,291,479,585,0 510,310,591,418,0 494,380,526,438,0 76,533,290,639,0 33,464,125,614,0 0,449,56,639,0 0,0,145,108,0
19_14_11_19_05-03-2020_1_jpg.rf.80bfb1aa0c31bde65b7aa0950c5523c0.jpg 104,201,339,479,0 66,456,208,623,0 299,459,450,625,0 443,302,545,513,0 336,259,451,464,0 401,207,526,312,0 325,11,505,209,0 193,78,394,305,0 0,24,93,185,0 214,465,339,623,0
21_13_19_40_16-03-2020_1_jpg.rf.8463b6fa1a7a4435e3a0a11dc436e36c.jpg 35,62,195,263,0 139,0,339,176,0 241,149,395,324,0 189,182,278,369,0 104,245,234,410,0 181,408,254,471,0 14,372,270,620,0 258,326,423,593,0 414,421,554,639,0 389,81,585,454,0 328,0,574,153,0 270,538,425,639,0
2_11_35_06_16-03-2020_1_jpg.rf.8171f754e4736af527779b39a225b06c.jpg 23,100,215,384,0 0,0,106,112,0 154,0,384,223,0 338,22,640,452,0 245,229,364,391,0 181,370,479,638,0 3,348,236,562,0 0,539,185,639,0 451,427,640,639,0 429,394,530,509,0 374,323,436,419,0 373,0,545,78,0
5_11_43_46_16-03-2020_1_jpg.rf.7010bbf0af41c5f7e907b24ab79120b6.jpg 0,89,131,261,0 34,182,460,576,0 0,285,115,563,0 310,471,469,639,0 386,394,428,465,0 421,332,523,456,0 448,54,601,449,0 104,41,414,209,0 0,0,141,103,0
7_11_48_09_16-03-2020_1_jpg.rf.824bdf2af4a7dcc1b60ce88b80cfe5d4.jpg 24,79,249,348,0 0,335,190,579,0 201,212,495,560,0 230,0,495,244,0 118,0,255,87,0 0,0,118,127,0 0,152,53,372,0 0,511,136,639,0 134,552,305,639,0 294,460,458,639,0 434,370,620,639,0 441,21,621,397,0
5_12_29_51_05-03-2020_1_jpg.rf.86653a26de2f7eb1c6bf5405423e2d3d.jpg 175,30,331,179,0 41,98,216,236,0 8,220,241,490,0 16,471,251,639,0 209,358,430,587,0 221,244,399,397,0 185,190,284,285,0 299,120,605,536,0
11_12_46_00_05-03-2020_1_jpg.rf.84709d5a8ccae9ee6f0fcbaf7f9c2770.jpg 153,0,323,212,0 323,0,479,174,0 394,163,515,400,0 223,146,404,402,0 108,182,241,323,0 89,315,246,509,0 4,30,161,258,0 141,389,344,604,0 329,318,471,546,0 430,509,498,577,0
1_12_08_11_05-03-2020_1_jpg.rf.8b52984ee14f3a6c7707b2a0dcfe2808.jpg 89,0,289,206,0 79,117,156,271,0 128,201,224,304,0 64,302,178,489,0 153,290,296,551,0 70,522,214,639,0 194,451,363,628,0 246,166,518,557,0 280,0,410,190,0 400,117,524,304,0 449,2,606,231,0 498,253,640,471,0 480,471,640,639,0 288,509,445,639,0 426,593,485,639,0
7_12_35_02_05-03-2020_1_jpg.rf.8574f92f903c39c178cf78665b62fb8e.jpg 81,25,240,316,0 0,293,148,546,0 165,288,389,532,0 253,171,395,380,0 355,82,480,256,0 294,17,356,130,0 368,177,638,532,0 314,498,509,639,0 166,566,306,639,0 323,0,478,90,0
23_13_24_36_16-03-2020_1_jpg.rf.91091890545827c5d64a0ecbaff8252a.jpg 81,59,271,266,0 74,206,236,339,0 29,278,151,464,0 53,470,164,623,0 148,345,290,544,0 163,546,354,639,0 289,364,449,587,0 236,182,388,403,0 369,150,371,152,0 271,33,436,239,0 454,32,613,210,0 388,207,545,452,0 534,242,640,464,0 464,440,586,639,0 370,525,510,639,0
9_12_40_22_05-03-2020_1_jpg.rf.98213f37fe46c5fe5110ae18d894ac55.jpg 115,2,364,416,0 44,134,171,362,0 3,340,183,506,0 88,478,231,638,0 226,356,425,639,0 424,486,544,639,0 360,108,601,464,0 330,225,378,369,0
5_11_43_23_16-03-2020_1_jpg.rf.9750f0650407c0daff84af4ee6d6d9b6.jpg 0,73,164,240,0 0,0,133,76,0 165,0,484,179,0 451,21,620,280,0 35,180,461,581,0 0,312,103,639,0 194,609,195,611,0 129,530,368,639,0 336,433,483,639,0 476,414,613,626,0 429,290,538,403,0 515,285,630,429,0 375,396,423,459,0
1_11_33_06_16-03-2020_1_jpg.rf.925cc51e11facda01de7df8275606fb0.jpg 0,163,206,489,0 200,220,325,539,0 278,383,458,557,0 409,433,605,639,0 114,471,234,639,0 241,577,404,639,0 240,500,343,620,0 419,237,541,403,0 286,160,425,378,0 303,19,433,206,0 430,38,565,247,0 206,32,311,204,0 0,0,140,180,0 100,28,226,255,0 225,0,361,74,0
1_12_08_09_05-03-2020_1_jpg.rf.98c2ca127267cc2047bee3d2782172c0.jpg 88,0,288,206,0 78,117,155,271,0 126,199,223,304,0 64,302,178,489,0 153,290,295,551,0 71,522,215,639,0 194,451,363,628,0 288,509,445,639,0 243,168,518,557,0 480,471,640,639,0 496,255,640,471,0 399,117,523,304,0 448,2,605,231,0 279,0,409,190,0 235,142,289,204,0 405,19,440,117,0
18_12_19_48_16-03-2020_1_jpg.rf.9bf94e1d17ef90bc9ab057d3ebccfb1d.jpg 0,171,218,638,0 210,267,398,527,0 80,138,241,280,0 64,0,259,157,0 233,0,408,233,0 421,0,621,244,0 364,179,510,312,0 463,212,640,536,0 383,402,538,639,0 285,468,440,639,0 133,525,285,639,0
7_11_48_42_16-03-2020_1_jpg.rf.ad0600622a92c069b095c9c20ef4e25d.jpg 0,79,228,373,0 35,0,204,139,0 190,0,294,179,0 234,127,379,308,0 243,0,541,203,0 371,172,529,318,0 383,293,561,585,0 150,269,405,557,0 0,372,194,625,0 278,549,474,639,0 180,549,244,639,0 73,601,174,639,0
27_13_38_41_16-03-2020_1_jpg.rf.a92dac0b2c8bbb7f3c55c9baa7c251e7.jpg 69,65,223,214,0 11,207,140,356,0 98,318,159,384,0 44,370,204,593,0 133,210,203,323,0 201,138,298,321,0 204,318,291,471,0 159,460,324,639,0 310,451,454,630,0 275,272,510,457,0 294,100,471,285,0 198,14,320,146,0 395,30,558,182,0 464,169,590,432,0 381,554,540,639,0 455,429,623,639,0
13_13_55_18_05-03-2020_1_jpg.rf.a40c8bd3228bcb50de2d2608cedd28e0.jpg 180,177,261,282,0 180,93,278,283,0 273,138,464,318,0 115,0,484,147,0 100,231,218,422,0 131,101,194,231,0 450,138,583,320,0 371,259,551,506,0 176,248,374,475,0 98,416,216,608,0 234,460,480,639,0 474,468,640,639,0 535,312,640,505,0
3_11_38_19_16-03-2020_1_jpg.rf.9d8c0289624917dfb371ec9c8c6e3c74.jpg 41,0,274,146,0 256,0,501,203,0 225,166,493,369,0 100,139,246,248,0 93,240,278,414,0 61,313,305,568,0 126,483,328,639,0 275,346,393,541,0 340,299,596,620,0 440,0,640,351,0
4_11_41_04_16-03-2020_1_jpg.rf.a24bc0f07c39c7b6d49d1fe528835c60.jpg 0,2,115,217,0 63,95,199,190,0 74,0,309,180,0 313,0,406,123,0 293,0,340,32,0 406,0,594,245,0 324,122,426,327,0 188,130,346,310,0 0,184,190,405,0 0,339,194,617,0 160,288,386,593,0 336,429,480,639,0 418,228,585,509,0 120,568,199,639,0
16_14_03_00_05-03-2020_1_jpg.rf.b4909134db7adcc16b56527f98dc4892.jpg 63,81,250,221,0 39,217,258,449,0 226,203,433,332,0 253,335,408,574,0 240,326,435,576,0 73,422,224,639,0 168,414,265,554,0 209,502,439,639,0 440,242,558,381,0 441,47,556,247,0 339,85,451,239,0 259,89,360,223,0 255,0,441,87,0 110,0,318,97,0
13_12_04_15_16-03-2020_1_jpg.rf.b12d1e289623189e8430f4b381cb5440.jpg 0,221,111,460,0 0,35,164,225,0 111,142,304,435,0 111,0,311,168,0 283,6,503,361,0 364,0,535,92,0 508,92,639,315,0 530,263,634,381,0 430,358,640,638,0 238,288,423,483,0 280,421,454,639,0 284,448,343,533,0 155,475,293,639,0 6,481,174,639,0 65,392,224,552,0
26_13_34_27_16-03-2020_1_jpg.rf.af9daf4b8314d8824dc06be6d4554c1e.jpg 21,109,274,342,0 155,250,495,481,0 196,27,396,253,0 276,0,351,92,0 330,36,439,201,0 411,0,540,163,0 505,9,640,225,0 436,280,440,285,0 375,155,544,315,0 501,212,640,495,0 496,484,640,639,0 408,441,535,620,0 316,470,429,587,0 111,470,321,639,0
5_12_30_15_05-03-2020_1_jpg.rf.ad5d1f98ebcf9654681ba83daefafc0a.jpg 325,57,603,473,0 228,130,350,340,0 204,195,296,326,0 0,177,213,446,0 9,0,156,214,0 134,3,283,160,0 300,0,399,92,0 59,432,206,639,0 170,327,394,563,0 259,516,469,639,0 489,475,543,525,0 469,547,531,625,0 510,503,573,593,0 504,0,621,101,0
13_12_05_05_16-03-2020_1_jpg.rf.b4ba1d08fcb87f7ec789482a412dad60.jpg 14,38,141,280,0 139,0,264,115,0 126,114,351,414,0 280,2,509,339,0 500,73,631,290,0 439,0,611,76,0 365,299,469,407,0 251,354,429,554,0 53,263,150,498,0 434,280,640,571,0 303,511,486,639,0 136,370,244,608,0 59,495,201,639,0 213,554,315,639,0
6_11_46_44_16-03-2020_1_jpg.rf.b6cc5dd84084c6fe2ea78baceb9ca4ab.jpg 0,163,224,549,0 63,59,151,177,0 8,0,166,81,0 160,0,424,258,0 209,225,418,400,0 4,555,186,639,0 139,408,331,638,0 253,587,364,639,0 351,331,630,638,0 414,0,561,242,0 349,0,453,76,0 380,229,524,342,0 256,0,453,76,0
9_11_53_29_16-03-2020_1_jpg.rf.bd60a037d73c70fc37be9a0da6b5befc.jpg 81,0,238,133,0 20,125,154,267,0 0,255,133,500,0 131,198,428,568,0 150,111,249,223,0 239,98,373,250,0 245,0,515,248,0 493,95,600,323,0 419,247,545,449,0 414,386,640,639,0 229,432,471,623,0 71,478,216,639,0 3,483,81,639,0 193,600,300,639,0 340,589,413,639,0
28_13_41_08_16-03-2020_1_jpg.rf.a21c1b2e6cf449f79510427ee189a4d3.jpg 30,90,183,245,0 176,0,301,258,0 94,6,175,97,0 16,217,220,443,0 16,411,233,528,0 45,497,209,639,0 200,516,468,639,0 223,301,540,543,0 219,220,431,400,0 264,24,456,239,0 233,0,359,71,0 353,0,540,117,0 384,117,555,324,0 521,252,638,443,0 464,467,640,639,0
10_12_42_36_05-03-2020_1_jpg.rf.bb3ade9948f8f305fc4e9477ce379c94.jpg 83,161,245,316,0 120,335,229,546,0 210,239,324,394,0 226,364,380,536,0 148,0,266,163,0 243,0,368,131,0 343,0,400,47,0 381,6,548,191,0 513,0,558,62,0 286,120,428,286,0 320,250,460,416,0 438,179,576,413,0 470,403,589,536,0 345,396,483,595,0 213,524,333,609,0
28_13_41_36_16-03-2020_1_jpg.rf.cb8a4a211a26eefb09e1a2f51fcf0f3d.jpg 0,27,119,223,0 73,0,165,78,0 149,0,271,252,0 266,0,420,176,0 385,0,535,127,0 389,104,565,285,0 521,252,640,443,0 221,272,523,541,0 214,196,416,410,0 28,198,220,407,0 20,383,185,509,0 20,383,215,528,0 106,532,268,639,0 258,487,460,639,0 443,465,620,639,0 444,465,620,639,0
24_13_28_55_16-03-2020_1_jpg.rf.c1ac18e8b4ed3cf86c2f628fa0dfbbe2.jpg 250,63,514,516,0 479,204,640,481,0 366,478,548,639,0 153,462,403,639,0 56,421,153,538,0 145,383,258,462,0 96,242,273,400,0 43,223,123,321,0 49,136,139,245,0 118,95,249,248,0 120,0,250,106,0 251,0,390,117,0 380,0,508,166,0 499,0,609,228,0
6_12_32_48_05-03-2020_1_jpg.rf.be2ae2806ab143f9028d66c91cb3627d.jpg 0,272,129,492,0 30,81,183,204,0 30,81,184,308,0 174,2,323,198,0 188,188,404,407,0 154,361,248,579,0 431,495,434,497,0 244,350,485,592,0 338,54,500,288,0 319,0,444,62,0 70,0,220,79,0 546,429,629,525,0 416,286,494,373,0
14_12_08_37_16-03-2020_1_jpg.rf.ca78f2c83a9c1f67a85906cadbbfc880.jpg 0,269,226,468,0 0,70,109,290,0 69,8,154,185,0 100,0,226,66,0 156,5,265,184,0 113,146,289,356,0 245,0,344,139,0 260,117,348,236,0 268,150,423,432,0 349,0,521,123,0 411,95,640,497,0 304,414,494,639,0 166,353,325,571,0
24_13_28_35_16-03-2020_1_jpg.rf.d04682ca5d7c54d5ac433c4b1230aa79.jpg 36,106,126,214,0 38,413,133,533,0 0,288,90,394,0 89,179,218,362,0 103,354,229,448,0 94,414,328,639,0 330,435,595,639,0 456,244,609,457,0 246,65,519,517,0 126,62,274,253,0 134,0,268,66,0 258,0,403,119,0 385,0,541,217,0 546,153,640,301,0 531,11,640,301,0
15_13_59_47_05-03-2020_1_jpg.rf.d24f29b6365f4c6882a17e64a51f447c.jpg 108,250,193,381,0 133,111,256,259,0 189,267,248,359,0 214,283,418,519,0 198,413,385,615,0 381,492,488,639,0 466,418,638,638,0 413,339,516,497,0 474,182,598,399,0
18_12_19_29_16-03-2020_1_jpg.rf.d4ff8f9a415a20858ddc8dff258a0987.jpg 0,0,141,335,0 110,0,304,286,0 244,0,573,258,0 340,220,613,513,0 233,247,344,414,0 41,283,299,554,0 0,538,164,639,0 151,448,358,639,0 329,389,436,639,0 389,494,604,639,0
5_11_44_15_16-03-2020_1_jpg.rf.d55bcd5d352bf565805100c1b6d8aa5c.jpg 0,2,85,277,0 0,272,131,557,0 89,104,421,638,0 316,44,513,290,0 150,0,446,160,0 38,0,161,115,0 425,288,528,440,0 321,462,454,639,0 415,440,523,570,0 449,568,605,639,0
17_12_16_32_16-03-2020_1_jpg.rf.dfb22d4c1b157af7ff36801808181bb4.jpg 5,2,258,327,0 113,212,226,443,0 35,397,183,638,0 183,399,286,625,0 206,617,285,639,0 273,467,496,639,0 363,218,559,513,0 469,286,640,638,0 220,196,370,438,0 314,0,454,244,0 219,0,331,198,0 450,3,640,286,0
9_11_53_50_16-03-2020_1_jpg.rf.e83d97203f3292c673d9c5b529d36524.jpg 4,98,144,266,0 80,0,243,141,0 145,106,234,228,0 0,264,134,508,0 134,206,426,568,0 225,63,355,228,0 243,0,514,250,0 463,0,594,106,0 506,104,610,312,0 404,253,558,471,0 205,460,450,639,0 353,475,599,639,0 73,497,203,639,0 4,509,83,639,0
20_14_15_24_05-03-2020_1_jpg.rf.d978c1216e962819dd213eea1e437784.jpg 139,0,328,207,0 98,426,265,612,0 183,199,404,456,0 258,413,483,638,0 404,168,613,460,0 333,109,445,310,0 303,0,536,184,0
11_12_00_06_16-03-2020_1_jpg.rf.f3705177beb1c34ac3f1ffad315480fa.jpg 0,2,259,416,0 173,0,378,139,0 225,125,321,236,0 244,130,406,422,0 34,370,235,590,0 144,528,283,639,0 248,400,394,639,0 386,392,586,639,0 371,97,614,433,0 354,24,489,182,0 498,0,640,191,0
8_11_51_18_16-03-2020_1_jpg.rf.f14af4e1c82d8eb81e166de648df0685.jpg 58,0,331,252,0 200,74,455,272,0 334,0,626,297,0 331,320,578,638,0 199,234,341,452,0 128,457,351,639,0 100,587,101,589,0 0,505,155,639,0 61,313,183,514,0 0,334,79,490,0 14,220,149,358,0 0,115,93,271,0
3_12_18_22_05-03-2020_1_jpg.rf.e660ca2b3aa114035aad80417b6c713a.jpg 0,0,213,174,0 0,141,183,380,0 183,131,344,313,0 91,274,309,467,0 85,433,361,639,0 4,445,79,625,0 70,405,151,525,0 324,402,326,405,0 290,332,383,505,0 276,266,383,348,0 368,210,544,506,0 324,495,451,606,0 440,471,570,639,0 430,63,534,264,0 493,44,494,46,0 435,0,554,130,0 365,0,441,90,0 319,81,443,199,0 274,0,365,89,0 235,78,288,146,0
13_12_04_42_16-03-2020_1_jpg.rf.eb2465693f06f9096a2dadac6633dfee.jpg 46,27,166,288,0 13,272,146,476,0 5,489,186,639,0 83,396,248,568,0 180,484,351,639,0 294,473,450,639,0 241,316,429,497,0 145,152,306,405,0 83,0,278,142,0 270,0,500,226,0 314,214,503,392,0 499,49,634,267,0 499,256,624,367,0 430,258,640,638,0
1_12_08_55_05-03-2020_1_jpg.rf.f4afa6c072effff3321f13057c90ec7c.jpg 76,0,263,179,0 274,0,410,141,0 399,52,553,286,0 186,187,483,562,0 460,335,640,552,0 439,506,590,639,0 343,546,436,639,0 143,422,341,600,0 43,558,178,639,0 44,361,171,544,0 70,179,176,283,0 126,218,233,359,0 238,133,279,195,0 313,111,378,228,0 379,130,460,313,0 414,0,493,65,0
16_12_14_31_16-03-2020_1_jpg.rf.f44da66c370038ce40c210b01c6d1182.jpg 21,125,183,358,0 129,239,253,422,0 179,127,271,244,0 220,0,433,225,0 355,109,604,408,0 440,0,640,114,0 248,190,355,411,0 0,362,204,625,0 191,402,393,639,0 380,370,535,609,0 506,378,640,639,0
12_12_02_34_16-03-2020_1_jpg.rf.f5783dd10ccaf17b5b57e3d8043fd55c.jpg 0,3,170,229,0 0,128,94,293,0 0,285,95,638,0 103,361,226,495,0 34,541,184,639,0 34,513,184,639,0 161,500,255,626,0 206,596,326,639,0 221,364,356,604,0 96,214,261,391,0 149,100,285,313,0 130,0,191,52,0 166,0,358,114,0 253,111,319,203,0 266,123,406,389,0 363,13,521,220,0 373,210,640,426,0 354,369,569,634,0 329,563,461,639,0
23_13_24_08_16-03-2020_1_jpg.rf.f4d96ba34256461fa6c70f8b9a2822e0.jpg 113,82,273,253,0 59,209,226,324,0 55,329,180,497,0 45,497,169,628,0 163,490,358,639,0 171,321,301,502,0 223,190,393,377,0 185,2,286,141,0 260,0,360,84,0 438,19,595,195,0 286,0,438,191,0 389,191,543,443,0 524,234,640,426,0 294,351,456,570,0 461,411,573,639,0 371,546,499,639,0
12_12_02_12_16-03-2020_1_jpg.rf.ed78fca15ca1283bc8c91599a33aed5c.jpg 0,204,106,603,0 0,3,160,214,0 130,0,228,90,0 115,103,328,388,0 90,343,249,479,0 33,508,186,639,0 164,471,260,608,0 301,377,519,628,0 195,573,311,639,0 244,236,404,576,0 401,212,594,451,0 246,62,434,247,0 358,0,506,168,0 233,0,356,63,0
3_11_37_34_16-03-2020_1_jpg.rf.ffcab0ad5b6123244238370e860214af.jpg 0,0,103,301,0 76,0,274,242,0 21,214,299,563,0 70,555,244,639,0 224,405,466,639,0 384,426,531,596,0 461,546,595,639,0 466,351,628,533,0 235,157,443,464,0 296,0,548,259,0 439,174,620,370,0 486,0,634,125,0
20_14_14_57_05-03-2020_1_jpg.rf.f59361de53989d971b2544341f0ab6c2.jpg 141,79,361,291,0 104,275,231,448,0 144,416,303,622,0 274,364,530,598,0 228,184,409,424,0 320,44,468,240,0 359,285,424,383,0 414,130,629,438,0 443,0,551,134,0
11_11_59_20_16-03-2020_1_jpg.rf.f966604e6169ca3abaf0ac5dc001a0d5.jpg 0,0,131,308,0 124,27,183,190,0 115,17,280,316,0 0,312,154,638,0 139,294,300,509,0 123,370,438,639,0 431,426,619,638,0 384,168,610,473,0 241,13,469,359,0 386,0,525,166,0 528,0,618,172,0 238,0,355,60,0