0 0.2431640625 0.2373046875 0.310546875 0.30157470625
0 0.21875 0.43629455546874996 0.37890625 0.23977661093749997
0 0.376953125 0.51292419453125 0.4765625 0.29415893593750003
0 0.0830078125 0.7873077390625 0.158203125 0.41775512812499993
0 0.3515625 0.77371215859375 0.3828125 0.3312377921875
0 0.431640625 0.90472412109375 0.32421875 0.1878662109375
0 0.177734375 0.9652862546875 0.16796875 0.06674194374999995
0 0.755859375 0.824386596875 0.3984375 0.34854125937499997
0 0.8505859375 0.5833740234375 0.298828125 0.1829223624999999
0 0.763671875 0.494384765625 0.3125 0.32135009687499994
0 0.53125 0.22494506796875 0.40234375 0.3262939453125
0 0.771484375 0.17303466796875 0.390625 0.3460693359375
0 0.9541015625 0.37820434609375 0.091796875 0.1829223640625