0 0.255859375 0.3732604984375 0.25390625 0.242248534375
0 0.2724609375 0.6884307859375001 0.169921875 0.32876586875
0 0.4169921875 0.494384765625 0.177734375 0.24224853437499996
0 0.4736328125 0.7032623296875 0.240234375 0.26943969687499997
0 0.3232421875 0.12730407734375 0.185546875 0.2546081546875
0 0.4765625 0.1025848390625 0.1953125 0.205169678125
0 0.580078125 0.0370788578125 0.08984375 0.074157715625
0 0.7255859375 0.1544952390625 0.259765625 0.2892150875
0 0.8359375 0.04820251484375 0.0703125 0.0964050296875
0 0.5576171875 0.31764221171874996 0.220703125 0.25955200156249997
0 0.609375 0.52033996640625 0.21875 0.2595520015625
0 0.7919921875 0.46224975546874997 0.216796875 0.36584472656249994
0 0.8271484375 0.73416137734375 0.185546875 0.20764160156249992
0 0.646484375 0.7737121578125 0.21484375 0.311462403125
0 0.42578125 0.88494873046875 0.1875 0.1334838859375001