0 0.078125 0.25831603984374996 0.15625 0.49191284218750003
0 0.1259765625 0.5907897953125 0.251953125 0.440002440625
0 0.306640625 0.54135131875 0.38671875 0.45977783125
0 0.2919921875 0.21876525859375 0.302734375 0.2941589359375
0 0.44921875 0.1211242671875 0.42578125 0.242248534375
0 0.7802734375 0.1742706296875 0.294921875 0.348541259375
0 0.5673828125 0.2916870109375 0.158203125 0.257080078125
0 0.6552734375 0.337417603125 0.291015625 0.3435974125
0 0.810546875 0.6427001953125 0.37890625 0.53887939375
0 0.578125 0.6006774898437499 0.26953125 0.2669677734375
0 0.31640625 0.84539794921875 0.390625 0.3015747078125
0 0.3046875 0.93438720703125 0.2890625 0.1285400390625
0 0.6513671875 0.9269714351562499 0.310546875 0.1433715828125001
0 0.599609375 0.7996673585937499 0.09375 0.13595581093749995