0 0.1025390625 0.24101257343750002 0.205078125 0.48202514687500003
0 0.2392578125 0.16932678203125 0.091796875 0.2546081546875
0 0.30859375 0.2607879640625 0.2578125 0.467193603125
0 0.1201171875 0.7415771484375 0.240234375 0.509216309375
0 0.3427734375 0.6278686515625 0.251953125 0.336181640625
0 0.4375 0.78854370078125 0.4921875 0.4202270515625
0 0.8203125 0.83056640625 0.29296875 0.33123779375
0 0.7763671875 0.5005645750000001 0.353515625 0.47708130000000004
0 0.5546875 0.29045105000000004 0.35546875 0.5413513187500001
0 0.7119140625 0.12977600078125 0.216796875 0.2595520015625
0 0.89453125 0.1347198484375 0.140625 0.269439696875
0 0.462890625 0.046966553125 0.18359375 0.09393310625