0 0.2021484375 0.3262939453125 0.404296875 0.6476440437500001
0 0.4296875 0.1087646484375 0.3203125 0.217529296875
0 0.4267578125 0.28179931640625 0.150390625 0.1730346671875
0 0.5078125 0.4313507078125 0.25390625 0.45730590937500004
0 0.2099609375 0.75022888125 0.314453125 0.34359741250000003
0 0.3330078125 0.9121398929687501 0.216796875 0.1730346671874999
0 0.5009765625 0.81202697734375 0.228515625 0.37326049843750003
0 0.759765625 0.80584716796875 0.3125 0.3856201171875
0 0.76953125 0.414047240625 0.37890625 0.526519775
0 0.658203125 0.16067504921875 0.2109375 0.2471923828125
0 0.888671875 0.14955139140625 0.22265625 0.2991027828125