0 0.0791015625 0.217529296875 0.158203125 0.43505859375
0 0.2890625 0.27809143046874996 0.26953125 0.47708129843749997
0 0.09375 0.61921691875 0.1875 0.42269897500000003
0 0.21875 0.1569671625 0.13671875 0.24966430625
0 0.205078125 0.032135009375 0.16796875 0.06427001875
0 0.552734375 0.27191162109375 0.36328125 0.5388793953125001
0 0.2978515625 0.6031494140625 0.298828125 0.29168701250000006
0 0.4775390625 0.80213928203125 0.166015625 0.39303588906250003
0 0.2685546875 0.83551025390625 0.298828125 0.3262939453125
0 0.7822265625 0.5401153562500001 0.435546875 0.56607055625
0 0.7265625 0.11865234375 0.1875 0.2373046875
0 0.8974609375 0.11000061015625 0.166015625 0.2200012203125
0 0.9697265625 0.2471923828125 0.060546875 0.14337158125