0 0.1044921875 0.20269775390625 0.208984375 0.3806762703125
0 0.1005859375 0.6859588624999999 0.201171875 0.62045288125
0 0.2978515625 0.63157653828125 0.212890625 0.27932739218749997
0 0.357421875 0.34483337421875 0.36328125 0.4375305171875
0 0.505859375 0.72798156796875 0.25 0.35842895468749997
0 0.3798828125 0.87629699765625 0.150390625 0.21505737343750003
0 0.228515625 0.8861846921875 0.20703125 0.22494506875000003
0 0.556640625 0.92326355 0.2578125 0.15078735312500005
0 0.7294921875 0.74528503359375 0.205078125 0.45236206093750003
0 0.890625 0.5005645750000001 0.21875 0.43258666874999996
0 0.5859375 0.4795532234375 0.17578125 0.257080078125
0 0.6640625 0.27314758359375 0.296875 0.3188781734375
0 0.7548828125 0.08775329609375 0.263671875 0.1755065921875
0 0.5673828125 0.033370971875 0.107421875 0.06674194375
0 0.423828125 0.08404541015625 0.19140625 0.1680908203125
0 0.2509765625 0.0815734859375 0.142578125 0.163146971875