0 0.0830078125 0.63034057578125 0.166015625 0.6229248046875
0 0.125 0.16932678203125 0.25 0.3287658703125
0 0.279296875 0.07044982890625 0.15234375 0.1408996578125
0 0.345703125 0.38314819296874997 0.33203125 0.4449462890625
0 0.2646484375 0.6427001953125 0.248046875 0.2125854500000001
0 0.1708984375 0.8960723875 0.240234375 0.20516967812500003
0 0.3310546875 0.842926025 0.150390625 0.21258545
0 0.640625 0.784835815625 0.33984375 0.39303588750000007
0 0.3955078125 0.9467468257812499 0.181640625 0.10382080156250009
0 0.505859375 0.6340484617187501 0.25 0.5314636234375
0 0.77734375 0.5178680421874999 0.30078125 0.37326049687499996
0 0.53125 0.2410125734375 0.29296875 0.2892150875
0 0.6748046875 0.1310119625 0.232421875 0.262023925
0 0.4599609375 0.0494384765625 0.193359375 0.098876953125