0 0.1328125 0.18168640078125 0.265625 0.3534851078125
0 0.0732421875 0.32876586874999997 0.146484375 0.25708007812499994
0 0.07421875 0.7205657960937499 0.1484375 0.5512390140625
0 0.2568359375 0.6686553953125 0.193359375 0.21011352499999997
0 0.169921875 0.9220275882812501 0.234375 0.1532592765624999
0 0.169921875 0.8997802734375 0.234375 0.19775390625
0 0.3251953125 0.8800048828125 0.146484375 0.19775390625
0 0.416015625 0.9652862546875 0.1875 0.06674194374999995
0 0.451171875 0.7564086921875001 0.2109375 0.3757324218750001
0 0.279296875 0.47213745156250003 0.2578125 0.27685546875000006
0 0.3388671875 0.32258606015625 0.212890625 0.3337097171875
0 0.2509765625 0.04078674296875 0.095703125 0.0815734859375
0 0.4091796875 0.0889892578125 0.298828125 0.177978515625
0 0.4462890625 0.244720459375 0.103515625 0.14337158125
0 0.525390625 0.4004516609375 0.21875 0.415283203125
0 0.6904296875 0.1816864015625 0.248046875 0.323822021875
0 0.791015625 0.49685668906249997 0.41796875 0.33618164062499994
0 0.720703125 0.783599853125 0.3359375 0.4152832031250001
0 0.6171875 0.9393310546875 0.20703125 0.11865234375