0 0.166015625 0.24595642109375 0.1875 0.40786743281250004
0 0.1240234375 0.58460998515625 0.208984375 0.31887817343749997
0 0.1494140625 0.88124084453125 0.283203125 0.23483276406250003
0 0.2578125 0.75270080546875 0.2578125 0.26943969843749993
0 0.4150390625 0.87753295859375 0.267578125 0.2422485359375
0 0.5810546875 0.86888122578125 0.244140625 0.25955200156249997
0 0.5234375 0.6352844234375 0.29296875 0.281799315625
0 0.3525390625 0.43505859375 0.251953125 0.3955078125
0 0.28125 0.111236571875 0.3046875 0.22247314375
0 0.6015625 0.17674255390625 0.359375 0.3534851078125
0 0.6376953125 0.47337341328125 0.294921875 0.2793273921875
0 0.884765625 0.2471923828125 0.2109375 0.34112548749999994
0 0.876953125 0.48696899375 0.1953125 0.17303466875
0 0.8359375 0.69955444375 0.328125 0.5932617187499999