0 0.0869140625 0.53269958515625 0.173828125 0.37326049843750003
0 0.1279296875 0.2026977546875 0.255859375 0.296630859375
0 0.32421875 0.4511260984375 0.30078125 0.45730590937500004
0 0.330078125 0.1310119625 0.3125 0.262023925
0 0.61328125 0.2867431640625 0.34375 0.5537109375
0 0.7021484375 0.071685790625 0.267578125 0.14337158125
0 0.8955078125 0.31764221171875 0.205078125 0.34854126093750004
0 0.9091796875 0.5030364992187499 0.162109375 0.18539428593749996
0 0.8359375 0.77742004375 0.328125 0.43753051874999993
0 0.515625 0.6019134523437499 0.2890625 0.30404662968749996
0 0.5732421875 0.82809448203125 0.271484375 0.3411254890625
0 0.4892578125 0.76629638671875 0.091796875 0.1334838859375
0 0.349609375 0.8701171875 0.21484375 0.257080078125
0 0.140625 0.87506103515625 0.26171875 0.2471923828125
0 0.2255859375 0.7378692625000001 0.248046875 0.24966430625000005