0 0.3447265625 0.3584289546875 0.126953125 0.163146971875
0 0.357421875 0.29415893593750003 0.15234375 0.29663085937500006
0 0.5751953125 0.35595703125 0.298828125 0.28179931562499994
0 0.4677734375 0.1149444578125 0.576171875 0.229888915625
0 0.248046875 0.5104522703125001 0.18359375 0.29910278437500004
0 0.25390625 0.2595520015625 0.09765625 0.202697753125
0 0.806640625 0.35719299296875 0.20703125 0.2842712390625
0 0.720703125 0.59820556640625 0.28125 0.3856201171875
0 0.4296875 0.5648345945312501 0.30859375 0.3534851078125
0 0.2451171875 0.79966735859375 0.185546875 0.29910278281249997
0 0.5576171875 0.85899353046875 0.384765625 0.27932739218749997
0 0.8701171875 0.86517333984375 0.259765625 0.2669677734375
0 0.91796875 0.63775634765625 0.1640625 0.30157470781250006