0 0.12109375 0.24842834453124998 0.19921875 0.37820434531249997
0 0.314453125 0.09022521953125 0.1953125 0.1804504390625
0 0.373046875 0.4128112796875 0.3515625 0.469665528125
0 0.6162109375 0.26573181171875 0.357421875 0.5265197765625
0 0.8837890625 0.28303527890625 0.205078125 0.3386535640625
0 0.8203125 0.059326171875 0.26953125 0.11865234375
0 0.6513671875 0.5512390132812499 0.162109375 0.1680908203125
0 0.53125 0.7094421390625001 0.27734375 0.31146240312500006
0 0.158203125 0.59449768125 0.15234375 0.36831665
0 0.8388671875 0.664947509375 0.322265625 0.4548339843750001
0 0.6162109375 0.89854431171875 0.287109375 0.20022582968749997
0 0.296875 0.7638244625 0.16796875 0.370788575
0 0.203125 0.8861846921875 0.22265625 0.22494506875000003
0 0.412109375 0.9319152835937501 0.16015625 0.1334838859374999