0 0.068359375 0.2348327640625 0.13671875 0.163146971875
0 0.15234375 0.48202514609374997 0.22265625 0.34606933593749994
0 0.3427734375 0.22865295390625 0.408203125 0.2892150890625
0 0.474609375 0.11865234375 0.28515625 0.2373046875
0 0.6669921875 0.07044982890625 0.181640625 0.1408996578125
0 0.712890625 0.24101257265624998 0.28515625 0.2793273921875
0 0.6328125 0.44741821328125 0.26171875 0.3114624015625
0 0.3623046875 0.5252838140625 0.263671875 0.427642821875
0 0.54296875 0.7020263671875 0.24609375 0.202697753125
0 0.3125 0.86270141640625 0.23828125 0.2669677734374999
0 0.7021484375 0.6797790531250001 0.134765625 0.25213623125000006
0 0.763671875 0.915847778125 0.12109375 0.16561889687499995
0 0.865234375 0.74034118671875 0.08203125 0.13101196406250012