0 0.1220703125 0.1940460203125 0.154296875 0.229888915625
0 0.08984375 0.45359802265625 0.1796875 0.3386535640625
0 0.248046875 0.6253967289062501 0.3203125 0.3262939453125
0 0.33203125 0.26573181171875 0.29296875 0.5265197765625
0 0.2138671875 0.08033752421875 0.330078125 0.1606750484375
0 0.50390625 0.08775329609375 0.12890625 0.1755065921875
0 0.71484375 0.09393310546875 0.28515625 0.1878662109375
0 0.8583984375 0.34112548828125 0.271484375 0.44989013593749994
0 0.5859375 0.42393493671875 0.26171875 0.46224975468749996
0 0.6865234375 0.81326293984375 0.341796875 0.3707885734375
0 0.4951171875 0.270675659375 0.134765625 0.19528198125000001
0 0.4072265625 0.704498290625 0.240234375 0.2966308593750001