0 0.1767578125 0.5759582515625 0.353515625 0.311462403125
0 0.0849609375 0.28056335468750004 0.169921875 0.34359741250000003
0 0.173828125 0.150787353125 0.1328125 0.27685546875
0 0.2548828125 0.0519104 0.197265625 0.1038208
0 0.3291015625 0.14707946796875 0.169921875 0.2793273921875
0 0.3134765625 0.39179992656249996 0.275390625 0.32876586874999997
0 0.4599609375 0.1087646484375 0.154296875 0.217529296875
0 0.474609375 0.27561950625 0.13671875 0.1853942875
0 0.5390625 0.454833984375 0.2421875 0.44000244062499994
0 0.6796875 0.0964050296875 0.26953125 0.192810059375
0 0.8212890625 0.46224975546875 0.357421875 0.6278686515625
0 0.623046875 0.82315063515625 0.296875 0.3510131828125
0 0.3837890625 0.7218017578125 0.248046875 0.3411254875