0 0.1044921875 0.34854126015625003 0.208984375 0.34606933593750006
0 0.177734375 0.65135192890625 0.3515625 0.39797973593749997
0 0.3369140625 0.24966430624999997 0.306640625 0.494384765625
0 0.498046875 0.20516967734375 0.2421875 0.4004516609375
0 0.609375 0.3732604984375 0.1953125 0.430114746875
0 0.4619140625 0.533935546875 0.287109375 0.26202392499999994
0 0.8486328125 0.3856201171875 0.287109375 0.415283203125
0 0.8154296875 0.692138671875 0.369140625 0.24719238124999993
0 0.8330078125 0.889892578125 0.333984375 0.217529296875
0 0.5654296875 0.8144989015625 0.193359375 0.22000122187500012
0 0.3818359375 0.88865661640625 0.236328125 0.22000122031249997
0 0.595703125 0.67236328125 0.0625 0.059326171875
0 0.208984375 0.9455108640625 0.16796875 0.10629272499999995