0 0.1337890625 0.2805633546875 0.251953125 0.29415893437499996
0 0.1865234375 0.5512390140625 0.314453125 0.440002440625
0 0.3525390625 0.1804504390625 0.240234375 0.360900878125
0 0.466796875 0.19281005859375 0.21875 0.3856201171875
0 0.587890625 0.30281066874999996 0.19921875 0.42764282187499997
0 0.4658203125 0.5042724609375 0.287109375 0.25213623125000006
0 0.5146484375 0.7403411867187499 0.193359375 0.21505737343749995
0 0.3564453125 0.8466339109375 0.212890625 0.30404663125000003
0 0.1298828125 0.89236450234375 0.197265625 0.2125854484375
0 0.5791015625 0.915847778125 0.208984375 0.16561889687499995
0 0.7900390625 0.8664093015625 0.244140625 0.26449585000000003
0 0.779296875 0.6476440421875 0.39453125 0.217529296875
0 0.8056640625 0.33370971640624997 0.279296875 0.4251708984375