0 0.197265625 0.55618286171875 0.1171875 0.2224731453125
0 0.3232421875 0.363372803125 0.248046875 0.262023925
0 0.5302734375 0.17550659140625 0.271484375 0.2274169921875
0 0.6826171875 0.08404541015625 0.146484375 0.1680908203125
0 0.74609375 0.19775390625 0.203125 0.2076416
0 0.8173828125 0.43258666953125 0.201171875 0.3015747078125
0 0.611328125 0.415283203125 0.26171875 0.266967775
0 0.4716796875 0.61798095703125 0.396484375 0.3806762703125
0 0.845703125 0.83056640625 0.30859375 0.321350096875
0 0.69921875 0.66000366171875 0.16796875 0.2323608390625
0 0.5009765625 0.8466339109375 0.341796875 0.22494506875000003
0 0.326171875 0.11988830546875 0.26171875 0.2397766109375