0 0.2294921875 0.5252838132812501 0.341796875 0.3732604984375
0 0.228515625 0.8466339109375 0.23828125 0.30404663125000003
0 0.240234375 0.2335968015625 0.29296875 0.22000122187499999
0 0.28515625 0.06427001953125 0.21484375 0.1285400390625
0 0.533203125 0.0692138671875 0.3125 0.138427734375
0 0.4765625 0.21876525859375 0.1484375 0.2200012203125
0 0.6181640625 0.2471923828125 0.193359375 0.232360840625
0 0.638671875 0.137191771875 0.07421875 0.14584350625
0 0.7802734375 0.22494506796875 0.189453125 0.3065185546875
0 0.76953125 0.4844970703125 0.1875 0.26202392499999994
0 0.5087890625 0.70079040546875 0.298828125 0.41775512656249997
0 0.3369140625 0.7613525390625 0.138671875 0.22247314375
0 0.435546875 0.5957336421875 0.11328125 0.192810059375
0 0.7744140625 0.7798919679687499 0.263671875 0.3930358890625
0 0.5166015625 0.915847778125 0.345703125 0.16561889687499995