0 0.244140625 0.23606872578125 0.29296875 0.2200012203125
0 0.2314453125 0.5203399656250001 0.341796875 0.363372803125
0 0.5146484375 0.4177551265625 0.322265625 0.202697753125
0 0.515625 0.7106781007812499 0.2421875 0.3732604984375
0 0.52734375 0.70449829140625 0.3046875 0.3905639640625
0 0.2314453125 0.82933044453125 0.236328125 0.33865356406249997
0 0.337890625 0.7564086921875001 0.15234375 0.21752929687500008
0 0.505859375 0.89112853984375 0.359375 0.21505737343750003
0 0.779296875 0.48696899374999997 0.18359375 0.21752929687499994
0 0.779296875 0.22988891640625 0.1796875 0.3114624015625
0 0.6171875 0.25337219296875 0.17578125 0.2397766109375
0 0.4833984375 0.243484496875 0.158203125 0.210113525
0 0.5439453125 0.06797790546875 0.291015625 0.1359558109375
0 0.333984375 0.0753936765625 0.32421875 0.150787353125