0 0.1591796875 0.37696838359375 0.251953125 0.3633728015625
0 0.2978515625 0.5166320804687501 0.193359375 0.28674316406250006
0 0.3515625 0.2892150875 0.14453125 0.1829223625
0 0.509765625 0.1755065921875 0.33203125 0.351013184375
0 0.7490234375 0.4041595453125 0.388671875 0.467193603125
0 0.84375 0.0889892578125 0.3125 0.177978515625
0 0.470703125 0.46966552734375 0.16796875 0.3460693359375
0 0.1591796875 0.771240234375 0.318359375 0.41033935625
0 0.4560546875 0.81326293984375 0.314453125 0.3707885734375
0 0.71484375 0.76506042421875 0.2421875 0.37326049843750003
0 0.8955078125 0.7947235109375 0.208984375 0.40786743124999997