0 0.1630859375 0.38067626875 0.169921875 0.31640625
0 0.2216796875 0.6711273195312499 0.185546875 0.2941589359375
0 0.4033203125 0.67977905234375 0.189453125 0.2323608390625
0 0.5537109375 0.76876831015625 0.271484375 0.3411254890625
0 0.81640625 0.63775634765625 0.1640625 0.26202392656250006
0 0.765625 0.44371032734375 0.2734375 0.2991027828125
0 0.5185546875 0.4523620609375 0.255859375 0.469665528125
0 0.3251953125 0.388092040625 0.177734375 0.33123779375
0 0.2626953125 0.22988891640625 0.099609375 0.1087646484375
0 0.345703125 0.10382080078125 0.35546875 0.2076416015625
0 0.59765625 0.0791015625 0.29296875 0.158203125
0 0.697265625 0.2533721921875 0.1484375 0.205169678125