0 0.205078125 0.257080078125 0.39453125 0.5092163093750001
0 0.2646484375 0.5116882328125 0.177734375 0.360900878125
0 0.169921875 0.8083190921875 0.23046875 0.3757324218749999
0 0.3662109375 0.7996673585937499 0.162109375 0.3534851078125
0 0.3837890625 0.9813537601562501 0.123046875 0.034606932812499915
0 0.6005859375 0.863937378125 0.349609375 0.26943969687499997
0 0.7197265625 0.57101440390625 0.306640625 0.4597778328125
0 0.8662109375 0.7218017578125 0.267578125 0.548767090625
0 0.4609375 0.49562072734374996 0.234375 0.37820434531249997
0 0.599609375 0.190338134375 0.21875 0.38067626875
0 0.4296875 0.1544952390625 0.17578125 0.308990478125
0 0.8515625 0.22618102968749998 0.296875 0.442474365625