0 0.1806640625 0.24101257343750002 0.361328125 0.48202514687500003
0 0.169921875 0.5821380617187499 0.22265625 0.38314819218749996
0 0.2880859375 0.46224975546875 0.166015625 0.3510131828125
0 0.6640625 0.5969696046874999 0.34375 0.427642821875
0 0.3583984375 0.731689453125 0.185546875 0.3262939437499999
0 0.5888671875 0.20640563906249998 0.248046875 0.402923584375
0 0.833984375 0.21876525859374998 0.25390625 0.43753051718749997
0 0.357421875 0.179214478125 0.1875 0.24966430625
0 0.4267578125 0.0358428953125 0.126953125 0.071685790625
0 0.4375 0.4980926515625 0.1796875 0.37326049687499996
0 0.517578125 0.83921813984375 0.3203125 0.31887817343749997