0 0.21875 0.243484496875 0.3125 0.27932739375
0 0.3076171875 0.43258667031250003 0.248046875 0.33618164062500006
0 0.13671875 0.5969696046874999 0.13671875 0.22000122187500004
0 0.23046875 0.80337524453125 0.3046875 0.3856201171874999
0 0.375 0.72550964296875 0.1484375 0.21505737343750003
0 0.4091796875 0.49067687968749996 0.236328125 0.30899047812499997
0 0.54296875 0.22494506796875 0.328125 0.3905639640625
0 0.2685546875 0.06674194375 0.271484375 0.1334838875
0 0.70703125 0.15325927734375 0.328125 0.3065185546875
0 0.8515625 0.389328003125 0.2578125 0.427642821875
0 0.578125 0.65505981484375 0.28515625 0.4844970703124999
0 0.83203125 0.765060425 0.3359375 0.46719360312499997
0 0.5146484375 0.89236450234375 0.318359375 0.2125854484375