0 0.1220703125 0.17056274375 0.244140625 0.22247314375
0 0.09375 0.40415954609375004 0.1875 0.31393432656250003
0 0.322265625 0.24966430625 0.28515625 0.4993286125
0 0.2578125 0.66123962421875 0.359375 0.37820434531249997
0 0.142578125 0.90843200703125 0.26953125 0.18045043906250005
0 0.427734375 0.82809448203125 0.3125 0.3411254890625
0 0.7548828125 0.5413513187500001 0.451171875 0.454833984375
0 0.619140625 0.43382263203125004 0.12109375 0.13595581093750003
0 0.5009765625 0.5314636226562499 0.154296875 0.28674316406249994
0 0.6806640625 0.18292236328125 0.001953125 0.004943848437499998
0 0.7109375 0.21258544921875 0.53515625 0.4251708984375
0 0.8642578125 0.78236389140625 0.271484375 0.43258667031250003
0 0.642578125 0.85157775859375 0.1953125 0.29415893593750003