0 0.169921875 0.6315765382812499 0.33984375 0.7292175296875
0 0.474609375 0.62045288046875 0.29296875 0.4053955078125001
0 0.2509765625 0.3262939453125 0.251953125 0.22247314374999996
0 0.251953125 0.1223602296875 0.3046875 0.244720459375
0 0.5 0.1816864015625 0.2734375 0.363372803125
0 0.814453125 0.190338134375 0.3125 0.38067626875
0 0.6826171875 0.38314819296874997 0.228515625 0.20764160156249994
0 0.861328125 0.5846099859375 0.27734375 0.5067443843749999
0 0.71875 0.81326293984375 0.2421875 0.3707885734375
0 0.56640625 0.86517333984375 0.2421875 0.2669677734375
0 0.326171875 0.90966796875 0.23828125 0.177978515625