0 0.2890625 0.362136840625 0.18359375 0.244720459375
0 0.2890625 0.3201141359375 0.18359375 0.32876586875
0 0.234375 0.08404541015625 0.15234375 0.1631469734375
0 0.5126953125 0.15943908671875 0.326171875 0.3188781734375
0 0.46875 0.468429565625 0.2265625 0.31393432499999996
0 0.3583984375 0.17179870625 0.111328125 0.190338134375
0 0.439453125 0.7304534914062499 0.171875 0.2941589359375
0 0.65625 0.454833984375 0.2109375 0.27685546875
0 0.751953125 0.27067565859375 0.1875 0.2595520015625
0 0.693359375 0.059326171875 0.12890625 0.11865234375
0 0.791015625 0.6278686531250001 0.26171875 0.3559570312500001
0 0.5966796875 0.8701171875 0.001953125 0.004943846875000091
0 0.59375 0.86888122578125 0.2578125 0.25955200156249997
0 0.5888671875 0.6748352054687501 0.208984375 0.2076416015625
0 0.20703125 0.6698913578125001 0.31640625 0.27191162187500006