0 0.1767578125 0.1285400390625 0.138671875 0.177978515625
0 0.248046875 0.40045166015625 0.1796875 0.28179931718750006
0 0.4462890625 0.374496459375 0.208984375 0.36831665
0 0.318359375 0.2076416015625 0.18359375 0.232360840625
0 0.5546875 0.12730407734375 0.390625 0.2546081546875
0 0.6494140625 0.4251708984375 0.212890625 0.336181640625
0 0.76171875 0.2410125734375 0.19140625 0.24966430625
0 0.7958984375 0.60932922421875 0.255859375 0.3534851078125
0 0.5888671875 0.6451721195312501 0.208984375 0.2076416015625
0 0.4248046875 0.71315002421875 0.123046875 0.29415893593750003
0 0.5458984375 0.876296996875 0.279296875 0.24472045937500003
0 0.240234375 0.692138671875 0.3125 0.31640625