0 0.0947265625 0.40292358359375 0.189453125 0.2422485359375
0 0.2001953125 0.5228118890625 0.158203125 0.24472045937499995
0 0.1162109375 0.76382446328125 0.232421875 0.2867431640624999
0 0.3056640625 0.71932983359375 0.275390625 0.2669677734375001
0 0.29296875 0.89854431171875 0.2265625 0.20022582968749997
0 0.13671875 0.94798278828125 0.109375 0.10134887656250005
0 0.5390625 0.94056701640625 0.25390625 0.11618042031249995
0 0.4873046875 0.7761840828125001 0.119140625 0.21752929687500008
0 0.763671875 0.67730712890625 0.47265625 0.5042724609375
0 0.927734375 0.9195556640625 0.14453125 0.158203125
0 0.4609375 0.3201141359375 0.31640625 0.531463621875
0 0.4091796875 0.53146362265625 0.251953125 0.2916870109375
0 0.259765625 0.3151702875 0.171875 0.22494506874999995
0 0.8037109375 0.22618102968749998 0.392578125 0.402923584375