0 0.119140625 0.36708068828124996 0.21875 0.33865356406249997
0 0.2607421875 0.13224792421875 0.208984375 0.2595520015625
0 0.2900390625 0.336181640625 0.173828125 0.22741699375
0 0.212890625 0.5425872796875 0.16796875 0.284271240625
0 0.0986328125 0.771240234375 0.181640625 0.2916870125
0 0.3369140625 0.86270141640625 0.212890625 0.2719116203125
0 0.33203125 0.692138671875 0.296875 0.27685546875
0 0.1806640625 0.929443359375 0.123046875 0.138427734375
0 0.505859375 0.77371215859375 0.12890625 0.18786621093749992
0 0.6005859375 0.9319152835937501 0.298828125 0.1334838859374999
0 0.7509765625 0.74404907265625 0.001953125 0.004943848437499998
0 0.76953125 0.62910461484375 0.39453125 0.5512390140625001
0 0.8583984375 0.92820739765625 0.169921875 0.14089965781250005
0 0.9443359375 0.809555053125 0.111328125 0.18539428750000003
0 0.5029296875 0.27191162109375 0.365234375 0.42022705156250006
0 0.4423828125 0.5388793953125 0.287109375 0.296630859375
0 0.833984375 0.19528198203125 0.33203125 0.3856201171875