0 0.1767578125 0.43382263203125004 0.353515625 0.47213745156250003
0 0.2568359375 0.5673065187499999 0.173828125 0.27932739375000004
0 0.162109375 0.7774200437500001 0.21875 0.2892150875
0 0.279296875 0.9121398929687501 0.23046875 0.1730346671874999
0 0.3857421875 0.77618408203125 0.224609375 0.3015747078125
0 0.4296875 0.60191345234375 0.17578125 0.23483276406250003
0 0.392578125 0.32382202109374997 0.12109375 0.16809082031249994
0 0.5712890625 0.33123779296875 0.287109375 0.2471923828125
0 0.5546875 0.5079803468749999 0.2578125 0.31393432499999996
0 0.712890625 0.816970825 0.46875 0.36337280312500003
0 0.8505859375 0.5450592039062501 0.298828125 0.5018005359375
0 0.7744140625 0.16932678203125 0.162109375 0.2941589359375