0 0.1611328125 0.50921630859375 0.322265625 0.5092163078124999
0 0.41015625 0.59326171875 0.1953125 0.4993286125000001
0 0.57421875 0.7341613765625 0.28125 0.271911621875
0 0.7919921875 0.83798217734375 0.306640625 0.3213500984375
0 0.271484375 0.86764526328125 0.1875 0.2620239265625
0 0.50390625 0.95045471171875 0.25390625 0.09640502968749995
0 0.455078125 0.87506103515625 0.16015625 0.1878662109375
0 0.75 0.50056457578125 0.19140625 0.2595520015625
0 0.5556640625 0.42022705078125 0.216796875 0.34112548906250006
0 0.57421875 0.17550659140625 0.203125 0.2916870109375
0 0.77734375 0.22247314453125 0.2109375 0.3262939453125
0 0.404296875 0.184158325 0.1640625 0.269439696875
0 0.109375 0.1408996578125 0.21875 0.281799315625
0 0.2548828125 0.22123718203124998 0.197265625 0.3534851078125
0 0.4580078125 0.05809021015625 0.212890625 0.1161804203125