0 0.2646484375 0.13966369609375 0.291015625 0.2793273921875
0 0.5341796875 0.11000061015625 0.212890625 0.2200012203125
0 0.7431640625 0.26449584921874997 0.240234375 0.36584472656249994
0 0.5224609375 0.5846099859375 0.462890625 0.5858459468749999
0 0.859375 0.6933746335937501 0.28125 0.3386535640625
0 0.8037109375 0.89483642578125 0.236328125 0.2076416015625
0 0.6083984375 0.9257354734375 0.146484375 0.14584350624999995
0 0.3779296875 0.798431396875 0.310546875 0.2768554687499999
0 0.171875 0.93562316875 0.2109375 0.12606811562499995
0 0.16796875 0.70697021484375 0.19921875 0.2867431640625
0 0.1923828125 0.36090087890625 0.166015625 0.16314697343750004
0 0.2802734375 0.4511260984375 0.166015625 0.22000122187500004
0 0.4033203125 0.25584411640625 0.064453125 0.0964050296875
0 0.5390625 0.26449585 0.1015625 0.1829223625
0 0.6552734375 0.3460693359375 0.126953125 0.286743165625
0 0.7080078125 0.05067443828125 0.123046875 0.1013488765625