0 0.29296875 0.1606750484375 0.3125 0.321350096875
0 0.181640625 0.30281066875 0.12109375 0.23977661250000004
0 0.2724609375 0.3930358890625 0.150390625 0.163146971875
0 0.1884765625 0.61798095703125 0.177734375 0.29168701093749994
0 0.349609375 0.6562957765625 0.22265625 0.40786743124999997
0 0.2236328125 0.9071960445312499 0.224609375 0.1829223640625001
0 0.4345703125 0.842926025 0.263671875 0.2768554687500001
0 0.572265625 0.89730834921875 0.24609375 0.2026977546875
0 0.59375 0.56607055625 0.4296875 0.6080932625
0 0.875 0.86764526328125 0.25 0.2620239265625
0 0.8876953125 0.56730651796875 0.224609375 0.3386535640625
0 0.7197265625 0.32876586875 0.193359375 0.2916870125
0 0.822265625 0.18168640078125 0.24609375 0.3584289546875
0 0.537109375 0.1483154296875 0.203125 0.296630859375
0 0.4091796875 0.27067565859375 0.083984375 0.0964050296875
0 0.66015625 0.10629272421875 0.0546875 0.1532592765625