0 0.2685546875 0.13966369609375 0.291015625 0.2793273921875
0 0.1708984375 0.35472106875 0.177734375 0.14584350624999995
0 0.1689453125 0.70449829140625 0.201171875 0.2867431640624999
0 0.5244140625 0.5833740234375 0.458984375 0.5833740218749999
0 0.2626953125 0.44989013671875 0.130859375 0.2076416015625
0 0.5302734375 0.1149444578125 0.216796875 0.229888915625
0 0.7353515625 0.2471923828125 0.240234375 0.36090087812499994
0 0.8720703125 0.67236328125 0.255859375 0.31640625
0 0.8056640625 0.9022521976562501 0.240234375 0.1928100578124999
0 0.37890625 0.79595947265625 0.30859375 0.2719116203125
0 0.173828125 0.93562316875 0.2109375 0.12606811562499995
0 0.609375 0.9257354734375 0.14453125 0.14584350624999995
0 0.359375 0.9591064453125 0.171875 0.0791015625
0 0.0810546875 0.86517333984375 0.138671875 0.0889892578125
0 0.5390625 0.26573181171875 0.1015625 0.1804504390625
0 0.40234375 0.257080078125 0.06640625 0.098876953125