0 0.294921875 0.1606750484375 0.3125 0.321350096875
0 0.18359375 0.30281066875 0.12109375 0.23977661250000004
0 0.2744140625 0.39427185078125 0.150390625 0.1606750484375
0 0.1884765625 0.61798095703125 0.177734375 0.29168701093749994
0 0.3505859375 0.6562957765625 0.224609375 0.40786743124999997
0 0.2216796875 0.9071960445312499 0.224609375 0.1829223640625001
0 0.4345703125 0.842926025 0.263671875 0.2768554687500001
0 0.5966796875 0.5648345945312501 0.423828125 0.6105651859375
0 0.5390625 0.1483154296875 0.203125 0.296630859375
0 0.7216796875 0.32876586875 0.193359375 0.2916870125
0 0.82421875 0.18168640078125 0.24609375 0.3584289546875
0 0.888671875 0.56607055625 0.22265625 0.3411254875
0 0.875 0.86764526328125 0.25 0.2620239265625
0 0.572265625 0.89730834921875 0.24609375 0.2026977546875
0 0.7119140625 0.96281433125 0.091796875 0.07168579062500005