0 0.2392578125 0.18292236328125 0.330078125 0.3658447265625
0 0.1513671875 0.49685668984375 0.302734375 0.2620239265625
0 0.359375 0.51539611796875 0.203125 0.23977661093749997
0 0.458984375 0.36337280234375 0.25 0.2817993171875
0 0.4775390625 0.1025848390625 0.376953125 0.205169678125
0 0.763671875 0.14584350546875 0.3359375 0.2867431640625
0 0.7216796875 0.4511260984375 0.337890625 0.33865356562500004
0 0.4951171875 0.79348754921875 0.478515625 0.4103393546875
0 0.7392578125 0.70449829140625 0.220703125 0.20764160156249992
0 0.806640625 0.87258911171875 0.15625 0.2521362296875
0 0.1982421875 0.92820739765625 0.232421875 0.14089965781250005
0 0.24609375 0.7428131109375 0.17578125 0.24472045937500003
0 0.3486328125 0.9257354734375 0.115234375 0.14584350624999995
0 0.4755859375 0.95045471171875 0.193359375 0.09640502968749995