0 0.1796875 0.25337219296875 0.25 0.3139343265625
0 0.373046875 0.13719177265625 0.3125 0.2743835453125
0 0.4970703125 0.3695526125 0.240234375 0.27438354374999996
0 0.3642578125 0.43011474609375 0.138671875 0.29168701093749994
0 0.263671875 0.5116882328125001 0.203125 0.25708007812500006
0 0.33984375 0.6871948234375 0.11328125 0.098876953125
0 0.2216796875 0.7749481203125 0.400390625 0.38809204062499997
0 0.53125 0.71809387265625 0.2578125 0.41775512656249997
0 0.755859375 0.82809448203125 0.21875 0.3411254890625
0 0.7607421875 0.41775512734375003 0.306640625 0.5833740234375
0 0.7041015625 0.11988830546875 0.384765625 0.2397766109375
0 0.54296875 0.9195556640625 0.2421875 0.158203125