0 0.267578125 0.5574188234374999 0.33203125 0.378204346875
0 0.345703125 0.337417603125 0.27734375 0.2892150875
0 0.591796875 0.33865356484375003 0.30859375 0.28674316406250006
0 0.5625 0.6822509765625 0.33203125 0.415283203125
0 0.1630859375 0.86888122578125 0.244140625 0.25955200156249997
0 0.8310546875 0.88742065390625 0.244140625 0.2224731453125
0 0.794921875 0.63157653828125 0.26953125 0.37820434531249997
0 0.8662109375 0.38191223203125 0.267578125 0.3732604984375
0 0.6103515625 0.94427490234375 0.212890625 0.1087646484375
0 0.4443359375 0.943038940625 0.111328125 0.11123657187500005
0 0.4814453125 0.9418029789062501 0.185546875 0.11370849531249991
0 0.3359375 0.90966796875 0.1875 0.177978515625