0 0.275390625 0.21876525859375 0.24609375 0.2743835453125
0 0.1455078125 0.49932861328125 0.173828125 0.2471923828125
0 0.3388671875 0.5969696046875 0.314453125 0.49685669062500004
0 0.193359375 0.79348754921875 0.23828125 0.2521362296875
0 0.36328125 0.91831970234375 0.21875 0.16067504843750005
0 0.5458984375 0.68101501484375 0.240234375 0.40786743281250015
0 0.6806640625 0.87258911171875 0.208984375 0.2521362296875
0 0.7373046875 0.58955383359375 0.330078125 0.3534851078125
0 0.87890625 0.82809448203125 0.2421875 0.3065185546875001
0 0.5693359375 0.2471923828125 0.333984375 0.27685546875
0 0.7822265625 0.2669677734375 0.224609375 0.346069334375
0 0.513671875 0.93562316875 0.1484375 0.12606811562499995