0 0.30078125 0.26202392578125 0.25 0.2669677734375
0 0.22265625 0.41651916484374996 0.26171875 0.18045043906249997
0 0.18359375 0.64517211875 0.1953125 0.262023925
0 0.1669921875 0.8787689203125 0.193359375 0.20516967812500003
0 0.40625 0.88247680703125 0.3046875 0.2323608390625
0 0.369140625 0.6427001953125 0.203125 0.28179931562499994
0 0.48046875 0.442474365625 0.265625 0.2916870125
0 0.3681640625 0.111236571875 0.158203125 0.217529296875
0 0.484375 0.06550598125 0.15625 0.1310119625
0 0.806640625 0.16685485859375 0.24609375 0.2743835453125
0 0.5654296875 0.14955139140625 0.236328125 0.2991027828125
0 0.7275390625 0.49562072734375 0.240234375 0.3930358890625
0 0.9091796875 0.51539611796875 0.181640625 0.29910278281249997
0 0.5859375 0.719329834375 0.25390625 0.3411254875
0 0.8076171875 0.8206787109375 0.173828125 0.35595703125
0 0.6796875 0.9257354734375 0.19921875 0.14584350624999995