0 0.275390625 0.2533721921875 0.296875 0.323822021875
0 0.2421875 0.4251708984375 0.25390625 0.207641603125
0 0.140625 0.5796661375 0.19140625 0.28921508749999997
0 0.1689453125 0.85404968203125 0.173828125 0.23977661093749997
0 0.341796875 0.6946105953125 0.22265625 0.311462403125
0 0.4033203125 0.9257354734375 0.298828125 0.14584350624999995
0 0.576171875 0.7428131109375 0.25 0.34854125937499997
0 0.4873046875 0.45730590859375003 0.236328125 0.34606933593750006
0 0.578125 0.23606872578125 0.00390625 0.002471923437500001
0 0.552734375 0.21258544921875 0.2578125 0.3213500984375
0 0.8330078125 0.18910217265625 0.248046875 0.2793273921875
0 0.728515625 0.51539611875 0.24609375 0.38314819375
0 0.9169921875 0.5512390132812499 0.166015625 0.34606933593749994
0 0.8203125 0.84292602578125 0.19140625 0.3114624015625
0 0.6875 0.90966796875 0.21875 0.177978515625