0 0.5966796875 0.45236206093750003 0.412109375 0.7069702156250001
0 0.8740234375 0.5351715085937501 0.251953125 0.4325866703125
0 0.7138671875 0.87258911171875 0.283203125 0.2521362296875
0 0.43359375 0.8602294921875 0.390625 0.27685546875
0 0.1630859375 0.74899291953125 0.150390625 0.1829223640625
0 0.314453125 0.66000366171875 0.17578125 0.1235961921875
0 0.2880859375 0.5018005367187499 0.275390625 0.24719238281249994
0 0.12890625 0.4251708984375 0.125 0.15325927812500004
0 0.146484375 0.297866821875 0.140625 0.17056274375
0 0.2861328125 0.26820373515625 0.205078125 0.2397766109375
0 0.2890625 0.0828094484375 0.203125 0.165618896875
0 0.5009765625 0.09146118125 0.216796875 0.1829223625
0 0.693359375 0.12977600078125 0.19921875 0.2595520015625
0 0.865234375 0.177978515625 0.171875 0.35595703125