0 0.126953125 0.24966430703125 0.140625 0.1680908203125
0 0.1328125 0.73910522421875 0.1484375 0.18786621093750008
0 0.0703125 0.5326995851562499 0.140625 0.16561889531249996
0 0.2392578125 0.42269897421874997 0.201171875 0.28674316406249994
0 0.2587890625 0.626632690625 0.197265625 0.14584350625000003
0 0.3291015625 0.82315063515625 0.365234375 0.3510131828125
0 0.72265625 0.83921813984375 0.4140625 0.31887817343749997
0 0.83203125 0.54753112734375 0.23828125 0.3337097171875
0 0.59765625 0.454833984375 0.42578125 0.706970215625
0 0.3125 0.24595642109375 0.23046875 0.2991027828125
0 0.3134765625 0.0519104 0.208984375 0.1038208
0 0.515625 0.09269714375 0.2265625 0.1853942875
0 0.7236328125 0.16932678203125 0.244140625 0.3386535640625
0 0.9267578125 0.35472106953125 0.146484375 0.22988891718749999
0 0.9150390625 0.24348449765625002 0.169921875 0.4523620609375