0 0.1376953125 0.12730407734375 0.240234375 0.2546081546875
0 0.08984375 0.3398895265625 0.1796875 0.299102784375
0 0.2060546875 0.5895538328125001 0.279296875 0.29415893437499996
0 0.2041015625 0.84910583515625 0.271484375 0.29910278281249997
0 0.5751953125 0.83921813984375 0.486328125 0.31887817343749997
0 0.5068359375 0.5413513179687499 0.318359375 0.38562011718749994
0 0.3681640625 0.20640563984375002 0.306640625 0.41281127968750003
0 0.298828125 0.422698975 0.2265625 0.2916870125
0 0.650390625 0.15943908671875 0.2578125 0.3188781734375
0 0.462890625 0.11000061015625 0.1640625 0.2200012203125
0 0.880859375 0.0889892578125 0.23828125 0.177978515625
0 0.8115234375 0.48820495625 0.287109375 0.47708130000000004
0 0.9189453125 0.70820617734375 0.162109375 0.23483276406250003
0 0.861328125 0.90966796875 0.27734375 0.177978515625