0 0.2353515625 0.32258606015625 0.408203125 0.4523620609375
0 0.42578125 0.59202575625 0.50390625 0.44741821249999986
0 0.423828125 0.89854431171875 0.3828125 0.20022582968749997
0 0.71875 0.8453979484374999 0.1796875 0.2966308593749999
0 0.8974609375 0.8540496828125 0.205078125 0.28921508749999997
0 0.8427734375 0.49685668984375 0.314453125 0.4202270515625
0 0.681640625 0.37326049843750003 0.24609375 0.25708007812500006
0 0.4462890625 0.22370910625 0.177734375 0.318878175
0 0.5595703125 0.2274169921875 0.189453125 0.247192384375
0 0.6083984375 0.1013488765625 0.228515625 0.202697753125
0 0.853515625 0.17179870546875 0.2734375 0.3386535640625
0 0.5556640625 0.79719543515625 0.166015625 0.18045043906249997