0 0.23046875 0.3522491453125 0.39453125 0.363372803125
0 0.5078125 0.5710144046875 0.53125 0.360900878125
0 0.462890625 0.21876525859375 0.3125 0.3534851078125
0 0.490234375 0.071685790625 0.1171875 0.14337158125
0 0.6005859375 0.1853942875 0.169921875 0.257080078125
0 0.7431640625 0.12730407734375 0.201171875 0.2546081546875
0 0.89453125 0.1829223640625 0.2109375 0.336181640625
0 0.6845703125 0.44123840312499996 0.005859375 0.007415771875000044
0 0.7177734375 0.36708068828125 0.263671875 0.24966430781250004
0 0.8916015625 0.5524749757812499 0.216796875 0.44247436406249996
0 0.8876953125 0.87753295859375 0.224609375 0.2422485359375
0 0.736328125 0.82933044453125 0.19921875 0.27932739218749997
0 0.58203125 0.82562255859375 0.17578125 0.1829223640625
0 0.337890625 0.8664093015625 0.328125 0.26449585000000003