0 0.2099609375 0.2805633546875 0.236328125 0.25460815312499996
0 0.42578125 0.16561889609375 0.19921875 0.2669677734375
0 0.599609375 0.3003387453125 0.2734375 0.2892150875
0 0.80078125 0.15325927734375 0.203125 0.2274169921875
0 0.82421875 0.4177551265625 0.1953125 0.321350096875
0 0.6396484375 0.6093292234375 0.412109375 0.30899047812499997
0 0.421875 0.42022705078125 0.1796875 0.27191162031249994
0 0.306640625 0.4993286140625 0.1328125 0.177978515625
0 0.212890625 0.48326110859375 0.09765625 0.10629272343749996
0 0.087890625 0.5067443851562501 0.16796875 0.26696777343750006
0 0.2255859375 0.71562194765625 0.287109375 0.39797973593749997
0 0.390625 0.6043853765625 0.08203125 0.19033813437500005
0 0.408203125 0.84786987265625 0.2734375 0.3015747078125
0 0.6328125 0.8800048828125 0.2421875 0.2373046875
0 0.8720703125 0.7700042726562499 0.255859375 0.3732604984375
0 0.818359375 0.97393798828125 0.16796875 0.0494384765625