0 0.2275390625 0.217529296875 0.240234375 0.232360840625
0 0.1181640625 0.44000244140625 0.201171875 0.23236083906249996
0 0.2001953125 0.54876708984375 0.095703125 0.10382080156250009
0 0.193359375 0.75270080546875 0.25 0.34854126093749993
0 0.26171875 0.41651916484375 0.109375 0.1755065921875
0 0.3896484375 0.35842895546875003 0.150390625 0.28674316406250006
0 0.38671875 0.61674499453125 0.13671875 0.23977661093750005
0 0.376953125 0.85899353046875 0.2578125 0.27932739218749997
0 0.5966796875 0.8441619875 0.224609375 0.27932739375000015
0 0.61328125 0.5697784421875 0.3671875 0.28921508749999997
0 0.59765625 0.3003387453125 0.27734375 0.2892150875
0 0.404296875 0.124832153125 0.19140625 0.205169678125
0 0.744140625 0.165618896875 0.25390625 0.2373046875
0 0.8232421875 0.46966552734375 0.197265625 0.41033935468749994
0 0.7197265625 0.9319152835937501 0.248046875 0.1334838859374999
0 0.841796875 0.8342742921875 0.26171875 0.32876586874999997