0 0.119140625 0.43382263203125 0.20703125 0.1408996578125
0 0.1962890625 0.718093871875 0.244140625 0.47708129999999993
0 0.3974609375 0.88742065390625 0.279296875 0.2224731453125
0 0.630859375 0.84786987265625 0.19921875 0.3015747078125
0 0.50390625 0.59202575703125 0.30859375 0.41281127968750003
0 0.373046875 0.43876647890625 0.15234375 0.2793273921875
0 0.2646484375 0.24595642109375 0.251953125 0.2397766109375
0 0.2646484375 0.45977783203125 0.103515625 0.20269775468750004
0 0.5361328125 0.29045104921875 0.279296875 0.2991027828125
0 0.4599609375 0.1025848390625 0.224609375 0.205169678125
0 0.751953125 0.17303466875 0.1875 0.2373046875
0 0.7900390625 0.44371032734375 0.263671875 0.30404662968749996
0 0.8154296875 0.7489929203125 0.263671875 0.400451659375