0 0.166015625 0.26202392578125 0.23828125 0.2422485359375
0 0.373046875 0.20146179218750002 0.1953125 0.40292358437500003
0 0.2099609375 0.08033752421875 0.126953125 0.1408996578125
0 0.1845703125 0.5153961179687501 0.318359375 0.3534851078125
0 0.1943359375 0.7341613773437501 0.337890625 0.1829223640625001
0 0.1982421875 0.88742065390625 0.255859375 0.2224731453125
0 0.521484375 0.9022521976562501 0.41796875 0.1928100578124999
0 0.595703125 0.65876770078125 0.49609375 0.37820434531249997
0 0.5078125 0.4844970703125 0.33203125 0.28179931562499994
0 0.5625 0.205169678125 0.30078125 0.336181640625
0 0.4619140625 0.0556182859375 0.197265625 0.111236571875
0 0.697265625 0.09146118125 0.29296875 0.1829223625
0 0.7333984375 0.3448333734375 0.267578125 0.323822021875
0 0.9052734375 0.5425872804687499 0.181640625 0.2991027828125
0 0.8623046875 0.863937378125 0.275390625 0.26943969687499997