0 0.0927734375 0.19528198203125 0.185546875 0.3065185546875
0 0.185546875 0.06056213359375 0.14453125 0.1211242671875
0 0.328125 0.19651794453125 0.19140625 0.3930358890625
0 0.5361328125 0.13719177265625 0.240234375 0.2743835453125
0 0.71875 0.098876953125 0.234375 0.19775390625
0 0.7451171875 0.30404663046875 0.275390625 0.2817993171875
0 0.9072265625 0.5425872804687499 0.185546875 0.2991027828125
0 0.5810546875 0.6352844242187501 0.470703125 0.42022705156250006
0 0.4921875 0.47337341328125004 0.31640625 0.33370971718750003
0 0.193359375 0.47213745078124997 0.30078125 0.32629394531249994
0 0.16015625 0.69708251875 0.2578125 0.19775390625
0 0.18359375 0.7119140625 0.3046875 0.22741699375000007
0 0.2919921875 0.91461181640625 0.251953125 0.1680908203125
0 0.560546875 0.8800048828125 0.31640625 0.2373046875
0 0.830078125 0.86270141640625 0.27734375 0.2719116203125
0 0.8310546875 0.86270141640625 0.275390625 0.2719116203125