0 0.2265625 0.177978515625 0.296875 0.31640625
0 0.21875 0.45977783203125 0.39453125 0.27191162031249994
0 0.154296875 0.7007904046875 0.19140625 0.20516967812500003
0 0.2255859375 0.8960723875 0.298828125 0.20516967812500003
0 0.4384765625 0.8268585203125 0.240234375 0.34359741250000003
0 0.2734375 0.68348693828125 0.1171875 0.21505737343750003
0 0.7021484375 0.9071960445312499 0.392578125 0.1829223640625001
0 0.6044921875 0.68719482421875 0.275390625 0.2521362296875
0 0.4228515625 0.6006774906250001 0.173828125 0.138427734375
0 0.4873046875 0.48820495625000004 0.146484375 0.17056274374999997
0 0.65625 0.4770812984375 0.2265625 0.242248534375
0 0.8173828125 0.63899231015625 0.212890625 0.33370971718750003
0 0.9501953125 0.9010162359375 0.005859375 0.007415771875000132
0 0.9375 0.8701171875 0.125 0.257080078125
0 0.92578125 0.44741821249999997 0.1484375 0.37573242187499994
0 0.7978515625 0.42269897500000003 0.107421875 0.09887695312500004
0 0.798828125 0.19651794453125 0.27734375 0.3386535640625
0 0.4755859375 0.3003387453125 0.357421875 0.25460815312499996
0 0.5146484375 0.086517334375 0.310546875 0.17303466875