0 0.357421875 0.150787353125 0.27734375 0.30157470625
0 0.2939453125 0.40045166015625 0.345703125 0.30157470781250006
0 0.470703125 0.28550720234375 0.2265625 0.1804504390625
0 0.6416015625 0.16314697265625 0.255859375 0.3262939453125
0 0.83984375 0.30281066874999996 0.29296875 0.40786743124999997
0 0.6298828125 0.414047240625 0.201171875 0.24966430625
0 0.546875 0.67730712890625 0.18359375 0.3609008796875
0 0.43359375 0.5907897953125 0.2578125 0.43505859375
0 0.216796875 0.7020263671875 0.16015625 0.22741699062499993
0 0.4111328125 0.89854431171875 0.236328125 0.20022582968749997
0 0.646484375 0.8528137203125 0.18359375 0.21752929687500008
0 0.751953125 0.6291046140625 0.19140625 0.42269897500000003
0 0.8994140625 0.5771942140625 0.201171875 0.42269897500000003
0 0.7607421875 0.8738250734375 0.314453125 0.24966430624999997