0 0.185546875 0.37820434609375003 0.30078125 0.4449462890625
0 0.0830078125 0.08775329609375 0.166015625 0.1755065921875
0 0.419921875 0.1742706296875 0.359375 0.348541259375
0 0.763671875 0.370788575 0.47265625 0.67236328125
0 0.4755859375 0.4844970703125 0.185546875 0.25213623125000006
0 0.515625 0.7873077390625 0.46484375 0.41775512812499993
0 0.1865234375 0.7106781007812499 0.365234375 0.3337097171875
0 0.14453125 0.92079162578125 0.2890625 0.15573120156249995
0 0.8525390625 0.83303833046875 0.294921875 0.3312377921875
0 0.7490234375 0.70573425234375 0.158203125 0.18045043906250005
0 0.6328125 0.5796661375 0.09765625 0.15078735312499997
0 0.716796875 0.06056213359375 0.26953125 0.1211242671875