0 0.095703125 0.19281005859375 0.19140625 0.2719116203125
0 0.123046875 0.0568542484375 0.1640625 0.113708496875
0 0.3046875 0.0568542484375 0.19921875 0.113708496875
0 0.41796875 0.26078796328125 0.4296875 0.5166320796875
0 0.3935546875 0.28427123984374997 0.478515625 0.5635986328125
0 0.1220703125 0.4844970703125 0.244140625 0.27191162187500006
0 0.10930941328124999 0.8268212890625 0.0025733015624999967 0.0032568375000000317
0 0.099609375 0.80213928203125 0.19921875 0.38314819218749985
0 0.4130859375 0.573486328125 0.341796875 0.1829223624999999
0 0.3720703125 0.80955505390625 0.525390625 0.37820434531249997
0 0.80078125 0.79595947265625 0.33203125 0.2916870109375
0 0.7900390625 0.40786743203125003 0.419921875 0.6031494140625
0 0.74609375 0.059326171875 0.3359375 0.11865234375