0 0.185546875 0.44865417421875 0.37109375 0.8083190921875001
0 0.2763671875 0.18292236328125 0.310546875 0.3658447265625
0 0.5576171875 0.44865417421875 0.412109375 0.3337097171875
0 0.6064453125 0.190338134375 0.384765625 0.375732421875
0 0.7890625 0.0951690671875 0.296875 0.190338134375
0 0.8173828125 0.415283203125 0.189453125 0.32629394375
0 0.7744140625 0.704498290625 0.232421875 0.2916870125
0 0.6328125 0.75888061484375 0.18359375 0.2669677734375001
0 0.4560546875 0.812026978125 0.361328125 0.36831664999999997
0 0.20703125 0.92449951171875 0.2109375 0.1483154296875
0 0.6787109375 0.9455108640625 0.189453125 0.10629272499999995