0 0.080078125 0.2348327640625 0.16015625 0.469665528125
0 0.2734375 0.18910217265625 0.30859375 0.3782043453125
0 0.25 0.6068572999999999 0.43359375 0.546295165625
0 0.2451171875 0.9331512453125 0.271484375 0.13101196250000005
0 0.5390625 0.81573486328125 0.37890625 0.3658447265625
0 0.71484375 0.79843139609375 0.23046875 0.2669677734375001
0 0.8251953125 0.9257354734375 0.208984375 0.14584350624999995
0 0.8544921875 0.69090271015625 0.251953125 0.28427123906250007
0 0.529296875 0.4844970703125 0.32421875 0.47955322187499994
0 0.6591796875 0.20269775390625 0.392578125 0.4053955078125
0 0.8271484375 0.4251708984375 0.283203125 0.306518553125
0 0.875 0.09764099140625 0.23046875 0.1952819828125