0 0.166015625 0.1359558109375 0.33203125 0.271911621875
0 0.142578125 0.40663146953125 0.28515625 0.3732604984375
0 0.4111328125 0.3473052984375 0.251953125 0.284271240625
0 0.3125 0.57843017578125 0.33984375 0.30157470781250006
0 0.3486328125 0.83798217734375 0.431640625 0.3213500984375
0 0.064453125 0.83551025390625 0.1171875 0.2817993171875
0 0.1728515625 0.72674560546875 0.126953125 0.1878662109375
0 0.5078125 0.6303405765625 0.00390625 0.004943846875000002
0 0.525390625 0.6538238523437501 0.14453125 0.26943969843750004
0 0.5146484375 0.47955322265625 0.166015625 0.1285400390625
0 0.7119140625 0.5598907468750001 0.275390625 0.46224975625
0 0.60546875 0.8602294921875 0.19921875 0.17303466875
0 0.7890625 0.86764526328125 0.203125 0.2620239265625
0 0.7529296875 0.25584411640625004 0.162109375 0.31393432656250003
0 0.7705078125 0.07044982890625 0.001953125 0.002471923437500001
0 0.7724609375 0.1013488765625 0.185546875 0.202697753125
0 0.6298828125 0.07044982890625 0.119140625 0.1408996578125
0 0.5947265625 0.21876525937500002 0.193359375 0.1853942875
0 0.4990234375 0.0692138671875 0.142578125 0.138427734375
0 0.408203125 0.1742706296875 0.08203125 0.106292725