0 0.1513671875 0.26943969765625 0.197265625 0.2076416015625
0 0.091796875 0.2076416015625 0.18359375 0.296630859375
0 0.2705078125 0.1161804203125 0.263671875 0.232360840625
0 0.3740234375 0.22247314453125 0.189453125 0.2916870109375
0 0.55078125 0.191574096875 0.17578125 0.23483276250000001
0 0.4873046875 0.045730590625 0.150390625 0.09146118125
0 0.763671875 0.19775390625 0.4140625 0.3955078125
0 0.673828125 0.34854126015625 0.22265625 0.2323608390625
0 0.4345703125 0.3917999265625 0.244140625 0.284271240625
0 0.15234375 0.52528381328125 0.3046875 0.31887817343749997
0 0.1962890625 0.80955505390625 0.392578125 0.3732604984375
0 0.4111328125 0.70697021484375 0.048828125 0.11370849531249991
0 0.46875 0.85899353046875 0.20703125 0.18539428593750004
0 0.5673828125 0.62786865234375 0.330078125 0.33123779218749994
0 0.685546875 0.90472412109375 0.29296875 0.1878662109375
0 0.4931640625 0.8602294921875 0.251953125 0.18786620937499993
0 0.8603515625 0.5969696046874999 0.279296875 0.427642821875