0 0.0908203125 0.165618896875 0.181640625 0.33123779375
0 0.150390625 0.45854187031250004 0.296875 0.34359741250000003
0 0.2041015625 0.21876525859375 0.212890625 0.1557312015625
0 0.2919921875 0.0568542484375 0.181640625 0.113708496875
0 0.38671875 0.1408996578125 0.1953125 0.281799315625
0 0.4248046875 0.36090087890625 0.240234375 0.31146240156249994
0 0.4189453125 0.35966491640625 0.251953125 0.3139343265625
0 0.5595703125 0.09393310546875 0.146484375 0.1878662109375
0 0.587890625 0.3460693359375 0.16015625 0.326293946875
0 0.791015625 0.26449585 0.32421875 0.5289917
0 0.7802734375 0.73539733828125 0.255859375 0.43258667031250003
0 0.490234375 0.6550598140624999 0.33984375 0.36090087812499994
0 0.3154296875 0.6822509765625 0.083984375 0.12359619062499991
0 0.1591796875 0.7947235109374999 0.318359375 0.363372803125
0 0.2724609375 0.93438720703125 0.123046875 0.1285400390625
0 0.4345703125 0.8602294921875 0.259765625 0.2373046875
0 0.59765625 0.889892578125 0.23046875 0.217529296875