0 0.08984375 0.17056274375 0.1796875 0.336181640625
0 0.2041015625 0.22247314453125 0.212890625 0.1483154296875
0 0.298828125 0.1408996578125 0.3671875 0.281799315625
0 0.5615234375 0.0964050296875 0.146484375 0.192810059375
0 0.494140625 0.02471923828125 0.07421875 0.0494384765625
0 0.78125 0.191574096875 0.29296875 0.38314819375
0 0.5859375 0.35101318359375 0.16015625 0.32135009843750006
0 0.4169921875 0.34359741171875 0.248046875 0.2817993171875
0 0.1484375 0.45977783203125 0.296875 0.3460693359375
0 0.1513671875 0.7465209968750001 0.302734375 0.4350585937500001
0 0.4267578125 0.68843078671875 0.353515625 0.47708129843749997
0 0.6376953125 0.8342742921875 0.224609375 0.32876586874999997
0 0.783203125 0.5759582515625 0.26171875 0.440002440625
0 0.2490234375 0.943038940625 0.123046875 0.11123657187500005