0 0.1279296875 0.244720459375 0.255859375 0.262023925
0 0.103515625 0.059326171875 0.20703125 0.11865234375
0 0.5068359375 0.13966369609375 0.498046875 0.2793273921875
0 0.8369140625 0.23483276328124997 0.263671875 0.4053955078125
0 0.3876953125 0.59449768046875 0.666015625 0.6253967296874999
0 0.080078125 0.74281311015625 0.16015625 0.5116882328125001
0 0.3037109375 0.95292663515625 0.001953125 0.002471923437499868
0 0.3876953125 0.9133758546875 0.373046875 0.17056274375000005
0 0.6396484375 0.83798217734375 0.228515625 0.3213500984375
0 0.8505859375 0.81326293984375 0.212890625 0.3312377921875
0 0.7548828125 0.5413513187500001 0.169921875 0.177978515625
0 0.89453125 0.5574188234375 0.1796875 0.22494506875000003
0 0.623046875 0.6674194328125 0.07421875 0.098876953125