0 0.724609375 0.41404724140625004 0.43359375 0.6501159671875001
0 0.451171875 0.36708068828125 0.19140625 0.32876587031250004
0 0.390625 0.4066314703125 0.14453125 0.205169678125
0 0.166015625 0.48696899375 0.33203125 0.42022705
0 0.12890625 0.16685485859375 0.23046875 0.3337097171875
0 0.3251953125 0.1273040765625 0.232421875 0.244720459375
0 0.5458984375 0.071685790625 0.154296875 0.14337158125
0 0.20703125 0.836746215625 0.23046875 0.32382202187500003
0 0.4404296875 0.6958465578125 0.349609375 0.36831664999999997
0 0.568359375 0.9022521976562501 0.328125 0.1928100578124999
0 0.8056640625 0.7811279296875 0.083984375 0.0791015625
0 0.78125 0.915847778125 0.09765625 0.12112426875000004
0 0.845703125 0.85652160703125 0.09765625 0.14089965781249997
0 0.87890625 0.0791015625 0.18359375 0.158203125