0 0.1748046875 0.55618286171875 0.349609375 0.6031494140625
0 0.1669921875 0.184158325 0.138671875 0.1853942875
0 0.1357421875 0.0630340578125 0.248046875 0.126068115625
0 0.4560546875 0.20146179218750002 0.412109375 0.40292358437500003
0 0.4892578125 0.48820495625 0.326171875 0.27438354374999996
0 0.1484375 0.9331512453125 0.28515625 0.13101196250000005
0 0.3671875 0.816970825 0.30078125 0.35842895624999993
0 0.4814453125 0.95787048359375 0.173828125 0.08157348593750005
0 0.7666015625 0.75640869140625 0.435546875 0.4795532234375
0 0.76171875 0.18910217265625 0.23046875 0.3782043453125
0 0.6259765625 0.059326171875 0.162109375 0.11865234375
0 0.7060546875 0.44618225078125 0.224609375 0.1755065921875
0 0.5537109375 0.059326171875 0.306640625 0.11865234375