0 0.1005859375 0.5969696046875 0.201171875 0.34359741250000003
0 0.166015625 0.22247314453125 0.23828125 0.1928100578125
0 0.1669921875 0.30404663125000003 0.240234375 0.35595703125000006
0 0.3876953125 0.15573120078125 0.232421875 0.3065185546875
0 0.4619140625 0.4647216796875 0.337890625 0.34112548749999994
0 0.3134765625 0.7341613773437501 0.146484375 0.34112548906250006
0 0.67578125 0.77494811953125 0.00390625 0.0024719234375000453
0 0.5693359375 0.7353973390625 0.376953125 0.37820434687500015
0 0.654296875 0.2669677734375 0.25390625 0.365844728125
0 0.595703125 0.04820251484375 0.1953125 0.0964050296875
0 0.2265625 0.0617980953125 0.234375 0.123596190625
0 0.91796875 0.745285034375 0.12890625 0.15078735312499997
0 0.7109375 0.51539611796875 0.12109375 0.13595581093750003