0 0.177734375 0.35348510703125 0.35546875 0.4597778328125
0 0.1865234375 0.1087646484375 0.263671875 0.217529296875
0 0.3779296875 0.13966369609375 0.162109375 0.2793273921875
0 0.478515625 0.33988952656250004 0.2265625 0.28427124062500003
0 0.6123046875 0.158203125 0.466796875 0.31640625
0 0.703125 0.38314819296874997 0.24609375 0.22741699218749994
0 0.7373046875 0.68595886171875 0.279296875 0.45730590781249997
0 0.43359375 0.64517211875 0.3984375 0.4498901375
0 0.1513671875 0.77865600625 0.302734375 0.3955078124999999
0 0.5869140625 0.92820739765625 0.306640625 0.14089965781250005
0 0.3310546875 0.92820739765625 0.099609375 0.14089965781250005
0 0.1923828125 0.968994140625 0.158203125 0.059326171875