0 0.212890625 0.33370971640625 0.3515625 0.4202270515625
0 0.1484375 0.7143859867187501 0.296875 0.38067627031250006
0 0.5439453125 0.6031494140625 0.458984375 0.5438232406249999
0 0.56640625 0.190338134375 0.4140625 0.38067626875
0 0.291015625 0.06797790546875 0.21484375 0.1359558109375
0 0.091796875 0.098876953125 0.18359375 0.19775390625
0 0.041015625 0.40910339375000004 0.08203125 0.34359741250000003
0 0.1064453125 0.89854431171875 0.212890625 0.20022582968749997
0 0.3427734375 0.93067932109375 0.267578125 0.13595581093749995
0 0.5869140625 0.85899353046875 0.255859375 0.27932739218749997
0 0.8232421875 0.78854370078125 0.291015625 0.4202270515625
0 0.830078125 0.3262939453125 0.28125 0.5883178718750001