0 0.3037109375 0.19651794453125 0.427734375 0.3930358890625
0 0.51171875 0.270675659375 0.3984375 0.308990478125
0 0.75 0.23236083984375 0.45703125 0.4647216796875
0 0.7099609375 0.7477569578125 0.384765625 0.49685669062499993
0 0.421875 0.53640747109375 0.22265625 0.3411254890625
0 0.3740234375 0.85652160625 0.349609375 0.28427124062500003
0 0.1572265625 0.91831970234375 0.001953125 0.0024719234375000453
0 0.12109375 0.8936004640625 0.2421875 0.21011352499999997
0 0.1904296875 0.64640808125 0.189453125 0.31393432500000007
0 0.0615234375 0.6439361578125 0.123046875 0.24472045937499995
0 0.126953125 0.4511260984375 0.2109375 0.21505737187500001
0 0.072265625 0.30157470703125 0.14453125 0.24224853593750004