0 0.2490234375 0.10382080078125 0.244140625 0.2076416015625
0 0.1357421875 0.3065185546875 0.208984375 0.22247314374999996
0 0.103515625 0.5895538328125001 0.20703125 0.38314819375
0 0.4365234375 0.59820556640625 0.462890625 0.5784301765625
0 0.3115234375 0.2607879640625 0.154296875 0.17550659062500001
0 0.4775390625 0.271911621875 0.208984375 0.2373046875
0 0.59375 0.1940460203125 0.421875 0.388092040625
0 0.853515625 0.3262939453125 0.16796875 0.35595703125
0 0.7529296875 0.5438232421875 0.197265625 0.31640625
0 0.8232421875 0.8009033203125 0.353515625 0.3955078125
0 0.546875 0.82438659609375 0.37890625 0.29910278281249997
0 0.224609375 0.87258911171875 0.2265625 0.2521362296875
0 0.0654296875 0.876296996875 0.123046875 0.24472045937500003
0 0.384765625 0.96775817890625 0.16796875 0.061798095312500044
0 0.587890625 0.9591064453125 0.11328125 0.0791015625