0 0.115234375 0.284271240625 0.21875 0.262023925
0 0.251953125 0.11000061015625 0.25390625 0.2200012203125
0 0.2958984375 0.2607879640625 0.138671875 0.190338134375
0 0.1044921875 0.6031494140625 0.208984375 0.38067626874999994
0 0.4375 0.60438537578125 0.45703125 0.5660705578124999
0 0.453125 0.2274169921875 0.203125 0.257080078125
0 0.5908203125 0.1952819828125 0.423828125 0.390563965625
0 0.8251953125 0.0828094484375 0.205078125 0.165618896875
0 0.8720703125 0.3250579828125 0.162109375 0.323822021875
0 0.7509765625 0.56607055625 0.240234375 0.3411254875
0 0.51171875 0.85899353046875 0.3828125 0.27932739218749997
0 0.7431640625 0.8701171875 0.384765625 0.257080078125
0 0.21484375 0.88742065390625 0.203125 0.2224731453125
0 0.0673828125 0.89730834921875 0.123046875 0.2026977546875