0 0.1865234375 0.1544952390625 0.228515625 0.308990478125
0 0.107421875 0.5252838140625 0.21484375 0.402923584375
0 0.25390625 0.46595764140624996 0.14453125 0.29910278281249997
0 0.451171875 0.67359924296875 0.4609375 0.5462951671874999
0 0.5361328125 0.28550720234375 0.404296875 0.46224975468749996
0 0.302734375 0.2731475828125 0.1171875 0.24966430625
0 0.66796875 0.05067443828125 0.18359375 0.1013488765625
0 0.4853515625 0.045730590625 0.173828125 0.09146118125
0 0.783203125 0.415283203125 0.1796875 0.36090087812499994
0 0.7783203125 0.7601165765625 0.259765625 0.32382202187500003
0 0.7529296875 0.955398559375 0.208984375 0.08651733437499995
0 0.498046875 0.9368591304687499 0.33984375 0.12359619218750009
0 0.1728515625 0.89854431171875 0.158203125 0.20022582968749997
0 0.0595703125 0.9133758546875 0.119140625 0.17056274375000005